RESPID	PHTYPE	S1	S2	S3	S4	S5	S6	S7	S8	QX1	QX1A	QX2	QX3	QX3A	QX4	Q1	Q1A	Q1X	Q1Y	Q1Z	Q2	Q3	Q4A	Q4B	Q5	Q6	Q7	Q8	QD1	QD1A	QD2	QD3	QD4	QD4A	QD5	QD6	QD7	QD8	FINWGT
3	2	1	1	1	1	1	1	65	8	1		0	2					1			8	2	1	1	3	2	4	2	2		3	6	64		2	1	1	1	0.722140744
4	2	2	2	2	1	1	2	163	14	1		1	9	9									9	9	4	5	9	9	9	9	9	3	48		2	2	9	1	1.19851049
6	2	1	1	1	1	1	1	125	9	1		0	1										2	2	4	2	1	1	1		5	3	84		2	1	2	2	0.586743248
7	2	1	1	2	1	1	1	17	5	1		4			1								2	2	4	2	2	1	3	1	3	5	69		2	1	3	1	0.526607823
9	2	1	1	1	1	1	1	121	2	1		1	1										2	2	4	1	2	1	1		5	7	68		2	1	2	1	0.406284274
12	2	1	2	2	1	2	2	55	1	1		1	1										2	2	4	1	2	1	1		4	3	62		2	1	4	1	1.110999266
14	2	2	2	2	2	2	3	99	9	1		1	2			2					1	3	1	4	1	3	3	4	4	2	2	4	23		2	2	2	1	1.848173152
15	2	1	2	2	1	1	2	163	12	1		1	2			2					1	2	1	1	4	1	4	2	2		3	5	55		2	2	4	2	0.984843355
21	2	1	1	1	1	1	3	35	4	1		1	1										2	2	4	2	2	1	1		5	7	70		2	1	2	1	0.578626727
22	2	1	2	1	1	1	3	81	3	1		1	2			2					1	3	1	1	4	1	4	2	2		2	5	52		2	1	1	2	1.533861671
25	2	2	2	2	2	1	1	147	10	1		1	1										2	2	4	1	1	1	1		9	9	99	9	9	9	9	1	0.926023009
26	2	2	2	2	1	1	3	65	8	1		4			2								2	2	2	2	1	1	3	1	3	7	46		2	1	4	2	1.696060245
27	2	1	2	1	1	1	2	161	12	1		1	2			1					2	1	1	1	4	4	3	2	2		3	8	74		2	1	4	2	0.493419799
28	2	2	2	1	1	1	2	65	8	1		1	2			9	2				2	1	1	1	4	4	9	2	4	3	4	6	65		9	9	3	1	0.843680762
29	2	1	2	2	1	1	1	103	1	1		4			1								2	2	4	1	2	1	1		4	7	68		2	1	3	1	0.406284274
30	2	1	1	1	1	1	2	161	12	1		1	2			9	9				1	2	1	1	3	2	9	2	2		2	8	99	4	2	1	9	2	0.493419799
32	2	1	1	1	1	1	1	99	9	1		0	2					1			8	1	1	1	4	1	3	2	2		3	7	64		2	1	9	1	0.71974975
33	2	2	2	1	1	1	2	163	13	1		1	2			1					1	1	3	1	4	1	3	2	2		3	6	63		2	1	2	1	1.016868006
35	2	1	1	1	1	1	3	125	14	1		0	1										2	2	4	2	2	1	1		9	3	73		2	1	8	2	0.984903848
39	2	1	1	1	1	1	1	163	12	1		1	1										2	2	4	1	2	1	1		4	7	41		2	1	4	1	1.031558582
40	2	1	1	1	1	1	2	125	14	1		0	2					1			8	1	1	1	4	9	3	2	2		2	5	89		2	1	9	2	0.753791303
41	2	2	1	1	1	1	2	163	11	1		0	9										1	1	4	1	4	2	3	3	9	5	76		2	1	9	1	0.660345603
42	2	1	1	1	1	1	1	63	10	1		1	1										2	2	4	4	1	1	3	1	3	3	78		2	1	2	1	0.526607823
43	2	1	2	1	1	1	3	139	2	1		1	1										2	2	4	1	1	1	1		5	3	66		2	1	3	2	0.726370771
44	2	2	2	1	1	2	2	55	1	1		2	9	1									2	2	1	4	1	3	1		4	3	34		2	1	3	2	0.635244667
46	2	1	2	2	1	1	2	81	3	1		1	2			2					1	1	1	1	4	4	9	2	3	2	2	5	34		2	1	3	1	1.737213843
47	2	1	1	1	1	1	2	91	7	1		1	1										2	2	4	1	1	1	3	3	5	3	59		2	1	3	2	1.173933466
51	2	1	1	1	1	1	2	41	1	1		1	2			1					1	1	1	1	4	1	3	2	2		3	3	63		2	1	3	2	0.856069335
53	2	1	2	1	1	1	1	161	12	1		1	2			2					1	2	1	3	4	1	4	3	1		3	3	56		2	1	4	1	0.932908
54	2	1	1	1	1	1	3	17	5	1		1	2			1					2	1	1	1	4	9	4	2	2		3	3	77		2	1	2	1	0.749990538
57	2	1	2	2	1	1	1	17	5	1		3			2								9	9	3	2	2	9	4	3	3	7	69		2	1	3	1	0.406284274
59	2	1	1	1	1	1	1	125	11	1		0	2					1			8	2	1	1	4	2	3	2	3	2	3	8	63		9	9	9	2	0.771457586
64	2	1	1	2	1	1	2	49	5	1		1	2			1					1	1	1	1	4	2	3	2	2		1	8	71		2	1	3	2	0.428902279
68	2	1	1	1	1	1	1	139	2	1		2	9	9									2	2	4	4	9	9	3	1	3	9	99	9	9	1	9	1	0.478432946
69	2	1	2	2	1	1	1	75	7	1		2	1										2	2	4	2	1	1	1		5	3	66		2	1	2	1	1.593776854
70	2	1	2	1	1	1	1	101	1	1		4			1								2	2	4	1	2	1	1		4	8	47		2	1	3	1	0.896676274
71	2	1	1	1	1	1	1	125	8	1		0	2					1			8	1	1	1	4	2	3	2	2		3	6	76		2	1	3	1	0.722140744
73	1	1	2	2	1	1	1	125	11	1		1	1										2	2	4	1	1	1	4	1	5	7	52		2	1	3	1	1.031558582
76	2	2	2	2	2	1	3	125	14	1		1	1										2	2	2	9	1	1	3	1	1	6	66		2	1	1	1	1.286796499
77	2	2	2	1	1	1	2	99	9	1		0	9										9	9	4	2	9	2	9	2	4	7	63		2	1	2	2	0.759818502
78	2	1	2	2	1	1	1	95	1	1		2	1										2	2	4	2	2	1	3	1	3	4	61		2	1	1	2	0.785386035
81	2	1	1	1	1	1	2	125	14	1		1	2			2					1	1	1	1	4	2	4	2	2		2	5	62		2	1	9	2	1.160765296
84	2	1	1	1	1	1	1	99	10	1		0	1										2	2	4	1	2	1	3	1	4	8	60		2	1	4	2	0.605934779
86	2	1	1	2	1	2	2	39	1	1		1	2			9	99				10	2	9	9	4	1	2	3	2		2	8	59		2	1	3	2	0.660467796
88	2	1	1	2	1	1	2	147	10	1		1	9	9									9	9	4	5	2	9	3	2	5	8	56		2	2	3	2	0.660467796
89	2	2	2	2	1	1	1	139	2	1		1	9	9									9	9	1	1	3	9	3	2	3	8	57		2	1	4	1	0.625638267
91	2	2	2	1	1	1	1	147	10	1		0	1										2	2	4	3	1	1	1		3	3	61		2	1	3	2	0.785386035
92	2	1	1	1	1	1	1	163	11	1		0	1										2	2	4	2	2	1	1		4	6	60		2	1	4	2	0.903527536
94	2	2	2	2	1	1	3	161	12	1		1	2			2					3	1	1	1	4	2	3	2	3	2	1	5	48		2	1	1	2	2.041033813
96	2	1	2	1	1	1	1	77	6	1		1	2			1					1	1	1	1	4	4	2	2	2		3	5	54		2	1	2	1	1.112026513
97	2	2	2	2	1	1	1	43	1	1		2	9	1									1	1	4	4	3	2	1		4	3	61		2	1	3	2	0.785386035
98	2	1	1	1	1	1	1	45	7	1		4			1								2	2	4	2	2	1	4	1	3	3	63		2	1	2	1	1.112026513
99	2	1	2	2	1	1	1	25	3	1		1	2			2					1	3	1	1	4	1	9	2	2		3	7	43		2	1	2	2	1.190893149
101	2	1	1	1	1	1	3	163	13	1		0	9										2	2	4	2	1	1	3	3	5	4	63		2	1	4	1	1.328639914
102	2	2	2	2	1	1	1	99	10	1		0	1										2	2	4	2	1	1	1		5	8	70		2	1	3	1	0.625638267
103	2	2	2	1	2	1	3	77	6	1		4			1								2	2	4	1	1	1	3	1	4	7	60		2	1	8	2	1.183392741
107	2	1	2	1	1	1	1	99	10	1		1	9	1									2	1	4	2	2	1	1		4	8	47		2	1	4	2	0.868436871
108	2	1	1	1	1	1	1	161	12	1		1	1										2	1	4	2	2	1	1		3	8	58		2	1	4	1	0.71974975
114	2	1	2	2	1	1	1	125	8	1		0	9										2	2	4	1	1	2	1		3	8	70		2	1	9	1	1.229618026
117	2	1	2	1	1	1	1	125	11	1		1	1										2	2	4	2	2	1	1		5	7	47		2	1	4	1	1.031558582
118	2	1	2	1	1	1	1	161	12	1		2	1										2	2	4	1	2	1	4	1	5	8	45		2	9	9	1	1.031558582
119	2	2	2	2	1	1	2	41	1	3	9				2								2	2	4	1	2	1	1		5	8	86		2	1	4	1	0.977375491
120	2	2	2	2	2	1	3	115	7	1		1	2			1					1	1	1	1	4	3	9	4	3	2	3	3	33		2	1	2	2	1.927940391
121	2	1	2	2	1	1	2	99	9	1		1	2			2					1	2	1	1	4	2	3	2	2		3	7	24		2	1	2	1	0.986085779
122	2	2	2	2	1	2	1	99	9	1		2	2			1					1	1	1	1	4	1	4	4	2		2	3	45		2	1	3	1	1.337060906
125	2	1	1	1	1	1	1	75	7	1		1	1										2	2	4	1	1	1	1		5	7	73		2	1	3	1	1.078363685
126	1	1	2	1	1	1	1	89	1	1		0	2					1			8	1	1	1	4	1	2	2	2		3	4	81		2	9	2	1	0.526607823
130	2	2	2	1	1	1	3	93	8	1		1	2			2					1	1	1	1	4	1	2	3	3	2	3	3	26		1	1	2	1	2.203022747
132	2	2	1	2	1	2	3	151	10	1		2	9	9									9	9	9	9	9	9	9	2	9	5	84		2	1	1	2	1.405914983
133	2	2	2	2	1	1	2	125	9	1		0	2					1			8	1	1	1	4	2	3	2	4	2	3	4	56		2	1	3	1	1.278121057
134	2	2	2	2	2	1	3	99	10	1		4			4								1	1	2	4	4	3	4	3	5	3	29		2	1	1	2	1.405914983
137	2	1	2	1	1	1	1	61	1	1		1	2			2					3	1	1	1	4	2	3	2	3	2	2	7	37		2	1	3	1	0.896676274
142	2	2	2	2	2	2	3	81	3	1		4			2								9	9	3	9	2	4	3	9	3	5	18		2	1	8	2	2.133642027
143	2	2	2	1	1	1	2	161	12	1		1	2			2					3	1	1	1	4	1	3	2	2		2	8	22		2	3	4	1	1.09129622
147	2	1	2	2	1	1	1	149	6	1		3			1								1	1	4	1	3	2	2		2	6	27		2	1	2	1	1.397727624
153	2	2	2	1	1	1	1	163	14	1		1	2			1					1	2	1	1	4	2	9	2	2		3	8	37		2	1	4	1	1.031558582
156	2	2	2	1	1	1	1	99	9	1		0	2					2			8	1	1	1	4	3	3	2	2		2	7	23		2	1	2	1	0.904667377
162	2	1	1	1	1	1	1	117	4	1		1	2			2					1	2	1	1	4	3	2	4	2		2	3	40		2	1	3	2	1.125629713
163	2	2	2	2	1	1	2	125	8	1		1	2			1					1	1	1	1	4	2	3	2	2		3	7	45		2	1	4	1	1.340281389
165	2	2	2	2	1	1	2	49	5	1		1	2			99	99				10	1	1	1	4	2	4	2	2		4	8	51		2	2	3	2	0.778446737
167	2	1	1	1	1	1	1	117	4	1		1	1										2	2	4	1	2	1	3	1	5	7	81		2	1	2	1	0.406284274
168	2	1	1	1	1	1	1	93	8	1		3			1								2	2	4	2	2	3	3	1	3	7	58		2	1	3	1	0.857941839
169	2	1	1	1	1	1	3	121	2	1		0	2					1			8	1	1	1	4	1	4	2	2		3	3	76		2	1	2	2	0.726370771
173	2	2	1	1	1	1	1	163	11	1		0	2					1			8	1	1	1	4	2	3	2	2		4	6	60		2	1	3	2	0.586743248
174	2	2	1	1	1	1	1	81	2	1		0	2					2			8	1	1	1	4	1	3	2	1		3	7	78		2	1	3	1	0.406284274
175	2	1	1	1	1	1	3	121	2	1		2	2			1					1	1	1	1	4	2	4	2	3	2	3	6	57		2	1	3	2	1.118540343
178	2	1	1	1	1	1	2	163	13	1		9			1								9	1	4	3	9	2	2		4	2	92		2	2	9	2	0.753791303
180	2	2	2	2	1	1	1	91	7	1		4			1								2	2	4	1	2	1	1		4	7	60		2	1	4	2	0.830922316
183	2	1	1	1	1	1	1	123	2	1		1	1										2	2	4	3	1	1	3	1	3	7	66		2	1	3	1	0.406284274
186	2	1	1	1	1	1	2	161	12	1		0	2					1			8	1	1	1	1	2	3	2	2		3	8	78		2	1	4	2	0.493419799
188	2	1	1	1	1	1	2	25	3	1		1	2			2					1	1	1	1	2	3	1	2	2		9	6	75		2	1	3	1	0.927736987
190	2	1	2	1	1	1	2	163	13	1		1	2			2					1	1	1	1	4	1	4	2	2		5	2	80		2	1	1	2	0.639549062
191	2	1	1	1	1	1	1	93	8	1		0	9										9	9	4	2	2	3	3	9	4	3	93		2	1	8	2	0.699398062
195	2	1	2	2	1	1	2	163	13	1		1	2			1					1	1	1	1	4	5	5	2	2		4	3	99	4	2	2	9	2	0.753791303
196	2	1	1	1	1	1	1	55	1	1		2	1										2	2	4	2	2	1	3	1	4	7	66		2	1	2	2	0.4
199	2	2	2	2	1	1	1	21	6	1		3			1								1	9	1	3	2	3	2		3	3	82		2	1	2	2	0.699398062
203	2	1	1	1	1	1	3	125	11	1		1	2			1					1	1	1	1	4	2	3	2	2		2	5	70		2	1	2	2	0.835634916
205	2	1	2	2	1	2	3	23	7	1		2	9	9									2	2	4	2	9	1	4	3	4	3	64		2	1	1	2	0.996076978
206	2	1	2	1	1	1	2	163	11	1		0	2					5	2		8	2	1	1	4	3	1	3	3	3	3	8	73		2	1	3	1	0.563821914
211	2	2	2	2	1	1	1	121	2	1		2	1										2	2	4	1	1	1	4	1	3	5	70		2	1	2	1	0.526607823
212	2	1	1	2	1	1	1	163	12	1		1	9	9									9	9	1	2	1	2	2		3	8	74		2	1	9	1	0.467399486
215	2	2	2	1	1	2	2	163	12	1		1	2			1					3	3	1	1	1	1	2	2	2		4	3	79		2	3	9	1	0.73080119
216	2	2	2	1	1	1	1	161	12	1		4			1								9	9	9	5	5	2	3	2	3	8	70		2	1	3	1	0.467399486
222	2	1	1	1	1	1	1	67	3	1		2	1										2	2	4	2	2	1	1		5	8	50		2	1	4	2	0.830922316
223	2	1	1	1	1	1	2	161	12	1		1	2			2					4	1	1	1	2	3	2	3	2		1	7	55		2	1	3	1	0.784525906
224	2	1	1	1	1	1	1	117	4	1		0	9										2	2	4	2	2	1	1		5	3	66		2	1	2	2	0.510023142
225	2	1	1	1	1	1	3	163	13	1		1	1										2	2	4	2	1	1	3	1	3	5	72		2	1	1	1	0.954864962
226	2	1	1	1	1	1	1	161	12	1		0	1										2	2	4	1	1	1	1		5	5	83		2	1	1	2	0.586743248
232	2	1	1	1	1	1	1	67	3	1		1	1										2	2	4	1	1	1	1		5	6	99	4	2	1	9	2	0.699398062
233	2	2	1	1	1	1	3	115	7	1		0	2					98					2	2	4	2	1	1	3	1	5	7	71		2	1	9	1	0.793474606
236	2	1	1	1	1	1	1	59	7	1		0	9										3	1	1	1	4	2	4	3	5	7	69		2	1	4	1	0.557140276
237	2	1	1	1	1	1	3	5	6	1		1	2			9	99				10	1	1	1	4	9	9	2	2		1	3	59		2	1	2	2	0.996076978
240	2	2	2	2	1	1	2	7	1	1		3			1								2	2	4	9	9	1	3	1	3	3	52		2	1	9	2	0.856069335
241	2	1	1	1	1	1	1	123	2	1		1	2			1					1	1	1	1	4	1	4	2	2		4	3	78		2	1	1	2	0.510023142
244	2	1	2	1	1	1	2	125	14	1		1	2			98	99				10	1	9	9	2	3	2	2	2		3	3	79		2	2	2	2	0.753791303
247	2	1	2	2	1	1	1	163	12	1		0	9										1	1	4	9	2	2	3	1	1	3	72		2	2	4	1	0.605822675
249	2	1	2	1	1	2	1	163	13	1		1	1										2	2	4	2	1	1	1		4	3	79		2	1	1	2	0.586743248
250	2	2	2	2	2	1	2	125	9	1		2	1										2	2	1	1	1	2	1		2	7	87		2	1	3	1	0.493419799
252	2	1	1	1	1	1	3	125	11	1		1	2			2					1	2	1	1	4	1	4	2	2		1	8	74		2	1	3	1	0.66566651
253	2	2	2	2	1	1	1	161	12	1		1	2			1					1	1	1	1	4	9	3	2	2		2	8	74		2	1	2	2	0.467399486
254	2	1	1	1	1	1	2	59	7	1		4			1								9	1	4	3	3	1	3	2	4	7	88		2	1	3	2	0.588156494
255	2	1	2	1	1	1	3	77	6	1		0	2					4	9		8	2	1	1	4	1	3	2	2		2	7	66		2	1	3	2	0.768485377
258	2	1	1	1	1	1	2	17	5	1		0	2					1			8	3	1	1	4	4	9	2	2		1	3	72		2	1	1	2	0.555924288
260	2	2	2	1	1	1	1	147	10	1		1	1										9	9	4	2	2	9	3	3	4	6	80		2	1	2	2	0.510023142
261	2	1	1	1	1	1	3	91	7	1		1	1										2	2	1	1	1	1	1		5	8	72		2	1	9	2	0.768485377
265	2	1	1	1	1	1	1	163	12	1		1	1										2	2	4	1	2	1	3	1	3	6	75		2	1	4	1	0.605822675
266	2	1	2	2	1	1	1	125	14	1		1	2			1					1	2	9	1	4	4	3	2	3	2	3	6	54		9	1	2	2	0.932908
267	2	2	2	2	1	1	3	93	8	1		2	9	1									2	2	4	1	1	1	3	1	5	5	70		2	1	4	2	0.996076978
268	2	1	2	1	1	1	2	161	12	1		1	2			99	99				10	1	1	1	4	2	3	2	2		3	5	53		2	1	3	1	1.016868006
270	2	1	1	1	1	1	1	33	1	1		1	1										2	2	2	2	2	1	1		5	5	68		2	1	3	1	0.526607823
274	2	2	2	2	1	1	1	151	10	1		1	1										2	2	4	2	1	1	3	3	4	4	66		2	1	9	2	0.510023142
277	2	2	2	2	2	1	2	49	5	1		4			1								1	1	4	2	2	2	2		3	3	53		1	5	1	1	0.978215005
278	2	1	2	1	1	1	3	141	1	1		2	2			1					1	1	1	1	4	9	9	2	2		4	8	78		2	1	9	1	0.578626727
280	2	1	1	1	1	1	3	49	5	1		1	2			1					3	1	1	1	4	2	2	2	2		3	7	67		2	1	4	2	0.560403792
281	2	1	1	1	1	1	2	49	5	1		1	2			99	99				10	1	1	1	4	2	4	2	3	2	2	5	64		2	9	3	2	0.655228689
282	2	2	2	1	1	1	2	163	13	1		1	9	9									2	2	4	3	9	1	3	3	9	3	80		2	1	9	1	0.660345603
284	2	2	2	2	1	2	1	143	4	1		2	2			1					1	1	1	1	4	1	4	4	1		4	3	64		2	1	3	2	0.510023142
285	2	1	1	2	1	1	1	107	4	1		2	1										2	2	4	2	1	1	1		5	7	59		2	1	3	2	0.605934779
287	2	2	1	1	1	1	2	163	13	3	9				1								1	1	2	9	4	4	2		3	2	83		2	2	1	2	0.753791303
288	2	1	1	1	1	1	1	93	8	1		0	1										9	2	4	1	2	1	1		3	8	55		2	1	4	1	0.557140276
289	2	1	1	1	1	1	1	117	4	1		1	2			1					3	1	1	1	4	2	3	2	2		2	5	69		2	1	3	1	0.526607823
290	2	2	2	2	1	2	2	163	14	1		0	2					1			8	1	1	1	4	2	3	2	2		4	3	68		2	2	2	1	0.778302718
295	2	2	2	1	1	1	1	97	1	1		1	2			99	99				10	1	9	1	4	4	4	2	3	2	3	3	73		2	1	2	1	1.286236792
298	2	1	2	1	1	1	1	81	3	1		1	1										2	2	4	1	1	1	3	1	3	3	69		2	1	2	1	0.722140744
300	2	1	2	1	1	1	1	149	6	1		1	1										2	2	4	5	1	1	1		5	3	53		2	1	2	2	1.077004995
302	2	1	1	1	1	1	1	99	9	1		1	2			9	99				10	1	1	1	4	1	4	2	2		3	8	70		2	1	2	2	0.452679478
303	2	1	1	1	1	1	1	163	13	1		0	1										2	2	4	1	2	1	1		5	7	81		2	1	9	1	0.467399486
304	1	1	2	2	1	1	1	81	3	1		1	9	9									1	9	4	1	1	2	4	3	3	8	59		2	9	4	1	1.044402325
305	2	2	1	1	1	1	2	143	4	1		2	1										2	2	4	1	1	1	1		4	3	76		2	1	3	2	0.555924288
310	2	1	1	2	1	1	1	51	4	1		1	1										2	2	1	3	2	1	1		3	9	91		2	1	3	1	0.478432946
311	1	1	1	1	1	1	1	55	1	1		2	2			1					1	1	1	1	9	4	9	2	2		3	8	82		2	1	9	1	0.406284274
315	2	2	2	2	1	1	3	141	1	1		1	2			2					2	1	1	1	4	3	3	2	2		3	6	58		2	1	1	2	1.118540343
317	2	1	1	1	1	1	1	121	2	1		1	9	1									9	9	4	4	9	1	4	1	5	3	92		2	1	8	1	0.526607823
318	2	1	2	2	1	2	2	163	14	1		2	2			2					2	3	1	1	4	2	4	2	2		1	3	72		2	2	2	2	0.753791303
319	2	2	2	2	1	1	3	163	12	1		1	2			1					1	2	1	1	3	3	3	2	3	2	3	8	54		2	1	1	2	0.992778987
320	2	1	1	1	1	1	3	145	4	1		1	2			1					1	1	1	1	4	3	4	3	3	2	3	4	67		2	1	3	1	0.749990538
322	2	1	2	1	1	1	2	163	13	1		2	9	9									1	1	4	1	1	1	3	1	4	3	77		2	1	1	1	0.660345603
323	2	1	1	1	1	1	1	125	8	1		0	1										2	2	4	1	1	1	1		5	5	79		2	1	2	1	0.722140744
324	2	2	2	2	1	1	2	99	9	1		1	9	9									3	3	4	2	9	3	3	3	3	7	73		2	1	9	1	0.509464581
326	2	1	1	1	1	1	3	67	3	1		1	2			1					1	1	1	1	4	1	4	2	2		3	7	66		2	1	3	1	0.793474606
327	2	2	2	1	1	1	3	25	3	1		0	2					1			8	1	9	9	4	1	9	4	2		1	7	99	9	9	9	9	1	0.793474606
328	2	1	1	1	1	1	3	115	7	1		0	2					5	2		8	1	2	2	2	1	2	3	1		4	3	76		2	1	2	1	1.138199216
330	2	1	1	1	1	1	2	163	14	1		1	2			1					1	1	1	1	1	1	2	2	2		3	2	56		2	2	1	2	0.984843355
331	2	2	2	2	1	1	1	81	3	1		4			1								4	3	3	5	3	3	3	1	4	8	52		2	1	3	1	1.078363685
333	2	2	2	2	2	2	3	151	10	1		1	1										2	2	1	1	2	4	3	3	4	7	99	9	2	2	3	2	0.955041653
338	2	1	2	2	1	1	1	99	9	1		0	1										2	2	4	1	1	1	4	1	4	7	56		2	1	9	1	0.71974975
339	2	1	1	1	1	1	3	121	2	1		1	9	9									3	9	4	4	3	1	3	1	4	5	53		2	1	9	2	1.118540343
341	2	2	2	2	1	1	3	25	3	1		1	2			1					1	1	1	1	4	1	3	2	3	2	3	6	61		2	1	1	2	1.533861671
343	2	1	1	1	1	1	2	163	13	1		1	9	9									9	9	4	3	3	9	9	9	3	2	64		2	1	4	2	1.160765296
344	2	1	1	1	1	1	2	125	14	1		1	2			1					1	1	1	1	4	1	4	2	2		2	7	68		2	2	1	2	0.895544396
347	2	1	2	1	1	2	1	75	7	1		1	1										1	2	3	3	2	1	3	3	1	5	56		2	1	9	2	1.077004995
350	2	1	1	1	1	1	1	75	7	1		1	1										2	2	4	1	1	1	1		5	5	58		2	1	4	2	1.191916063
351	2	1	2	2	1	1	1	75	7	1		1	2			1					1	1	1	1	4	1	3	2	4	2	3	6	84		2	1	3	1	1.112026513
352	2	2	1	1	1	1	1	49	5	1		0	2					1			8	1	1	1	4	2	3	2	2		2	3	61		2	1	9	2	0.925679042
354	2	1	1	1	1	1	1	125	9	1		1	1										2	2	4	2	2	1	1		3	7	50		2	1	4	1	0.71974975
357	2	1	2	2	1	1	1	125	8	1		1	1										2	2	4	1	1	1	1		5	6	50		2	1	4	1	1.112026513
358	2	2	1	1	1	1	1	137	1	1		4			1								2	2	4	1	1	3	1		5	7	51		2	1	4	1	0.625638267
359	2	1	2	2	1	1	1	77	6	1		1	2			1					3	1	1	1	4	2	3	1	2		2	7	52		2	1	4	1	0.857941839
360	2	1	2	2	1	1	3	163	11	1		1	1										2	2	4	1	1	1	1		5	3	99	9	2	1	9	1	1.470399174
361	2	2	2	2	1	1	3	163	12	1		1	2			1					1	2	1	1	4	2	9	2	2		3	7	60		2	9	9	1	1.025061685
362	2	2	2	2	1	2	1	145	4	1		4			1								9	9	9	9	9	9	9	9	9	9	99	4	9	9	9	1	0.736740205
363	2	1	2	1	1	1	1	145	4	1		2	2			5					1	1	3	3	4	4	1	3	1		4	7	55		2	1	4	1	0.625638267
364	2	1	1	1	1	1	1	163	11	1		0	9										2	2	4	1	2	1	3	3	3	8	84		2	1	1	2	0.697082369
366	2	1	2	2	1	2	2	123	2	1		2	1										2	2	4	1	1	1	1		5	5	49		2	1	2	1	0.883906576
373	2	1	1	1	1	1	2	21	6	1		1	2			1					1	1	1	1	4	2	3	2	3	2	3	7	52		2	1	3	2	0.905703798
376	2	2	2	2	1	1	1	49	5	1		1	2			1					1	1	1	1	4	3	3	2	3	2	3	8	50		2	1	4	1	0.625638267
377	2	1	2	1	1	1	1	93	8	1		1	9	1									2	2	4	1	2	1	1		4	6	59		2	1	4	2	1.077004995
378	2	1	1	1	1	1	1	93	8	1		1	1										2	2	4	1	1	1	3	1	5	6	63		2	1	3	1	1.112026513
379	2	1	1	1	1	1	3	107	4	1		1	1										2	2	4	1	1	1	1		5	3	64		2	1	1	1	1.154912486
381	2	1	1	1	1	1	2	163	13	1		1	2			2					3	2	1	1	4	3	2	2	3	2	2	7	53		1	1	4	1	0.868230912
383	2	2	2	2	1	1	2	125	8	1		0	2					2			8	3	9	9	4	1	2	1	3	9	3	7	75		2	1	9	1	0.935155028
385	2	2	2	1	1	1	2	163	13	1		1	2			99	99				10	2	1	1	4	3	2	3	4	2	3	8	60		2	2	4	2	0.895544396
386	2	1	2	1	1	1	3	49	5	1		4			1								2	2	1	1	1	2	2		9	3	62		2	1	3	1	1.154912486
388	2	1	2	2	1	1	1	113	4	1		2	1										2	2	4	1	1	1	3	1	5	3	58		2	4	2	1	0.810924831
390	2	2	2	1	1	1	1	107	4	1		1	1										2	2	4	1	1	1	3	3	5	7	54		2	1	3	1	0.786376835
392	2	1	2	2	1	1	2	121	2	1		0	2					1			8	1	1	1	4	1	5	2	2		3	5	81		2	1	3	2	0.856069335
394	2	2	1	1	1	1	3	145	5	1		1	2			1					3	3	2	1	4	2	2	1	2		3	6	46		2	1	3	1	1.655241821
395	2	2	2	2	1	2	3	99	9	1		1	2			99	99				10	9	9	1	4	2	2	2	4	3	3	5	22		2	3	2	1	1.848173152
399	2	2	2	2	2	1	1	99	10	1		2	1										3	4	3	2	2	3	3	1	3	8	33		2	1	3	1	0.786376835
402	2	1	2	2	1	2	2	119	1	1		1	1										2	2	4	1	1	1	4	1	4	6	68		2	1	2	1	1.110999266
403	2	2	2	2	2	2	1	93	8	1		0	2					5	1	1	8	2	1	1	4	9	4	2	3	2	3	3	64		2	1	3	1	1.397727624
406	2	2	2	1	1	1	1	125	11	1		1	1										2	2	3	1	1	1	1		5	5	34		2	1	3	1	1.172590102
407	2	1	1	1	1	1	1	163	11	1		1	2			99	99				10	1	1	9	4	1	3	2	2		3	8	27		9	1	8	2	0.876176307
410	2	2	1	2	2	1	1	19	1	1		1	9	9									3	1	4	2	2	3	3	1	3	7	25		2	1	3	1	0.786376835
411	2	1	2	1	1	1	1	139	2	1		1	1										2	2	4	3	2	1	1		4	7	51		2	1	3	1	0.868436871
412	2	1	1	1	1	1	1	139	2	1		1	2			2					3	1	1	1	4	2	3	3	3	2	3	8	48		2	1	4	1	0.896676274
413	2	2	2	1	1	2	3	49	5	1		2	1										2	2	4	1	2	1	1		4	5	41		2	1	3	2	1.603112595
416	2	1	2	1	1	1	2	121	2	1		4			1								2	2	4	1	1	1	1		4	8	27		2	1	3	1	0.857149305
419	2	2	2	1	1	1	1	99	9	1		1	9	9									1	1	4	1	4	2	3	2	1	7	22		1	1	8	1	0.904667377
420	2	1	1	1	1	1	1	79	1	1		2	1										2	9	3	2	9	1	1		3	7	23		2	9	1	2	0.761611139
424	2	1	2	1	1	1	1	93	8	1		1	9	2		2					1	1	1	1	4	3	5	2	2		1	5	31		2	1	2	2	1.353708401
425	2	2	2	2	1	1	3	37	4	1		2	1										2	2	4	1	1	1	1		4	6	28		2	1	2	1	1.451631834
426	2	2	2	2	1	1	3	115	7	1		1	1										2	2	1	4	1	9	1		4	9	98		2	1	9	1	2.062195168
428	2	1	1	1	1	1	2	65	8	1		0	2					99					1	1	1	2	3	2	2		3	3	46		2	1	2	1	1.737213843
430	2	2	2	2	2	1	1	147	10	1		2	9	9									4	4	1	4	2	3	1		3	3	60		2	1	1	1	1.019267099
431	2	2	2	2	1	1	1	149	6	1		0	2					99					1	1	4	2	3	3	2		5	3	84		2	1	2	1	1.593776854
433	2	2	1	2	1	1	1	61	1	1		4			1								2	2	4	1	1	1	1		5	3	45		2	1	3	2	1.125629713
434	2	1	2	2	1	1	2	49	5	1		1	2			1					1	1	1	1	4	1	3	2	2		4	7	37		2	2	3	1	1.151963452
438	2	1	2	2	1	1	1	125	8	1		2	2			1					1	1	2	1	4	2	2	1	1		4	7	46		2	1	4	2	1.190893149
443	2	2	2	1	2	2	1	99	10	1		0	9										9	9	4	2	3	4	4	3	3	6	19		2	1	8	2	0.987166892
445	2	2	2	1	1	1	1	43	1	1		4			2								2	2	2	4	2	1	1		4	5	46		2	1	2	2	1.125629713
447	2	1	1	1	1	1	1	163	14	1		1	2			1					1	2	1	1	4	1	3	2	2		2	7	47		2	1	4	2	0.999071274
448	2	1	2	1	1	1	3	87	10	1		1	1										2	2	3	2	2	1	1		3	5	44		2	1	4	2	1.603112595
450	2	1	2	1	1	1	1	121	2	1		4			1								1	4	2	2	5	2	3	2	1	8	29		2	1	1	2	0.761611139
451	2	1	1	1	1	1	3	45	7	1		0	1										2	2	4	1	1	1	1		5	8	49		2	1	4	2	1.696060245
457	2	2	2	2	2	2	3	125	14	1		1	2			1					1	1	1	1	4	2	5	2	2		3	6	53		2	1	2	2	1.789967858
458	2	1	1	2	1	1	1	125	14	1		1	1										1	2	4	3	3	1	1		4	7	24		2	1	2	2	0.876176307
464	2	2	2	1	1	1	1	17	5	1		0	1										2	2	1	9	1	1	1		4	3	54		2	9	3	1	0.810924831
465	2	1	2	1	1	1	1	99	9	1		2	9	9									2	2	2	3	2	1	3	1	3	3	43		2	1	2	2	1.294952286
466	2	2	2	1	1	1	3	99	9	1		1	1										2	2	3	9	3	2	2		3	3	58		2	1	1	2	1.617399399
468	2	1	2	2	1	2	2	31	1	1		2	9	9									2	2	3	2	2	1	4	3	4	6	26		2	1	1	2	1.076010099
470	2	2	2	1	2	1	2	163	13	1		1	2			2					4	1	1	1	4	1	4	2	2		1	6	80		2	2	4	2	1.458988343
475	1	1	1	1	1	1	3	99	9	1		0	2					1			8	2	1	1	4	9	2	2	2		1	6	66		2	1	1	2	0.835634916
476	1	1	2	1	1	1	2	81	3	1		3			2								1	1	4	2	2	2	2		2	8	79		2	1	3	2	0.588156494
477	1	1	2	1	1	1	3	163	13	1		1	1										2	2	4	1	1	1	1		5	6	60		2	1	2	2	0.835634916
480	1	1	1	1	1	1	2	65	8	1		1	2			1					1	1	1	1	4	2	3	2	3	2	3	8	71		2	1	9	2	0.588156494
484	1	2	2	2	1	2	1	87	10	1		1	1										2	2	3	1	1	1	1		5	3	88		2	1	1	2	0.510023142
487	1	1	1	1	1	1	1	87	10	1		0	1										2	2	4	1	1	1	1		5	3	73		2	1	3	2	0.510023142
488	1	1	1	1	1	1	3	7	1	1		1	2			1					1	1	1	1	4	1	3	2	2		3	3	78		2	1	2	2	0.726370771
489	1	1	1	1	1	1	2	67	3	1		2	2			1					1	1	1	1	1	3	4	2	2		1	3	71		2	1	9	2	0.762342603
491	1	1	1	1	2	1	1	43	1	1		0	1										2	2	1	1	9	4	9	1	9	4	99	4	2	1	8	2	0.510023142
497	1	1	1	1	1	1	1	159	6	1		2	2			9	99				10	1	1	1	4	2	3	2	2		2	7	76		2	1	2	2	0.539594023
500	1	1	1	2	1	1	2	163	13	1		0	9										1	1	4	2	4	2	9	2	4	5	73		2	2	9	2	1.458988343
503	1	2	2	1	1	1	2	163	13	1		1	2			1					1	1	1	1	4	5	3	2	2		1	7	56		2	2	2	2	0.895544396
505	1	1	1	2	1	1	2	163	13	1		1	2			1					4	3	1	1	3	5	4	3	2		4	2	84		2	2	1	2	0.753791303
508	1	1	2	2	1	1	2	163	13	1		1	9	9									1	1	4	1	4	3	2		3	3	66		2	2	3	2	1.160765296
509	1	2	2	2	1	1	2	163	13	1		1	2			2					1	2	1	1	4	2	3	2	2		1	7	21		2	2	1	2	1.125627067
510	1	1	1	1	1	1	2	163	14	1		1	2			1					1	1	1	1	4	1	4	2	2		1	3	73		2	2	2	2	0.753791303
512	1	1	1	1	1	1	2	163	14	1		1	9	9									9	9	4	1	9	9	2		9	2	89		2	2	1	2	0.753791303
513	1	1	2	1	1	1	2	49	5	1		0	2					5	9		8	1	1	1	4	1	9	1	3	3	5	3	82		2	2	9	1	0.676535093
514	1	1	1	1	1	1	2	163	13	1		1	2			1					1	2	1	1	4	3	3	2	2		3	5	70		2	1	9	2	0.753791303
521	1	1	1	1	1	1	1	79	1	1		2	1										2	2	3	2	2	1	1		4	4	87		2	1	1	2	0.60112825
522	1	2	2	1	2	2	2	163	14	1		1	2			1					1	1	1	1	4	1	4	2	2		3	5	72		2	2	3	1	0.778302718
523	1	1	2	1	1	1	2	125	14	1		1	9	9									9	9	4	1	9	9	3	3	9	3	62		2	2	3	2	1.160765296
525	1	1	1	1	1	1	2	49	5	1		1	2			1					1	1	1	1	4	2	2	2	2		3	5	79		2	2	8	2	0.655228689
531	1	1	1	1	1	1	2	163	13	1		0	2					5	2		8	1	1	1	1	2	4	2	2		3	3	80		2	2	2	1	0.778302718
534	1	2	2	2	2	1	1	99	10	1		4			1								9	9	4	1	3	3	1		4	5	20		2	1	8	2	0.987166892
535	1	2	2	2	1	2	1	141	1	1		2	1										2	2	4	2	2	1	3	1	5	7	22		2	1	2	2	0.761611139
537	1	2	2	2	2	2	3	161	7	1		1	2			2					1	1	1	1	4	3	2	2	4	2	3	3	18		2	1	2	1	2.133642027
539	1	2	2	2	1	1	3	5	6	1		1	2			2					2	1	1	1	4	2	3	2	3	2	1	5	45		2	1	2	2	2.198358763
544	1	1	1	1	1	1	1	97	1	1		1	2			2					3	3	1	1	3	2	2	2	2		2	3	44		2	1	2	2	1.125629713
545	1	2	2	1	2	2	3	163	14	1		2	2			1					3	3	9	1	1	1	2	4	2		3	5	20		2	3	1	2	1.789967858
546	1	2	2	1	1	1	1	163	13	1		1	2			2					1	2	1	1	4	2	3	3	2		1	5	21		2	1	3	2	1.13566123
547	1	1	1	2	1	1	1	9	1	1		1	1										2	2	4	1	1	1	1		5	8	44		2	1	9	2	0.868436871
549	1	1	2	2	1	1	1	61	1	1		3			1								2	2	4	1	2	1	1		4	3	41		2	1	3	2	1.125629713
550	1	1	1	2	1	1	1	37	4	1		1	9	2		9	3				2	1	1	1	4	4	2	3	3	1	3	5	43		2	1	2	2	1.125629713
552	1	1	1	1	1	1	1	51	4	1		0	9										2	2	4	2	2	1	3	3	2	8	44		2	1	2	2	0.868436871
563	2	2	2	2	2	1	1	103	1	1		2	1										2	2	4	2	1	1	1		3	3	24		2	1	2	2	0.987166892
564	2	1	1	1	1	1	1	125	11	1		1	1										2	2	4	5	2	1	3	1	4	8	82		2	1	1	1	0.467399486
567	1	1	1	1	1	1	1	125	11	1		1	9	9									2	2	1	1	2	3	3	1	3	8	48		2	1	4	1	1.031558582
568	2	1	1	1	1	1	1	99	9	1		1	1										9	9	4	3	2	3	3	1	4	7	29		2	1	2	1	0.904667377
571	2	1	2	2	1	1	1	125	8	1		1	1										2	2	4	1	2	1	1		5	7	61		2	1	4	2	0.830922316
574	1	1	1	2	1	1	1	125	8	1		0	1										2	2	4	1	1	1	3	1	3	6	56		2	1	9	2	1.077004995
576	2	1	1	1	1	1	3	121	2	1		1	2			1					1	1	1	1	4	1	3	2	2		3	5	62		2	1	3	2	1.118540343
578	2	2	1	1	1	1	1	55	1	1		0	2					7	1	99	8	1	1	1	4	9	9	2	2		3	7	44		2	1	4	1	0.896676274
581	2	1	1	1	1	1	1	103	1	1		1	2			1					1	1	1	1	4	2	3	2	3	2	3	8	54		2	1	4	1	0.625638267
582	2	2	1	1	1	1	2	21	6	1		1	1										2	2	4	2	1	1	1		4	7	61		2	1	4	2	0.935155028
587	2	1	1	1	1	1	2	49	5	1		1	2			2					1	2	1	1	4	4	3	3	2		2	5	63		2	1	9	1	0.883906576
589	2	1	1	2	1	1	2	103	1	1		1	2			1					4	1	1	1	4	2	3	2	3	3	3	2	64		2	1	2	2	1.110999266
591	1	2	2	1	1	1	1	93	8	1		2	1										2	2	4	1	1	1	1		5	6	99	9	2	1	2	2	1.077004995
592	2	1	1	2	1	1	2	103	1	1		2	1										2	2	4	2	2	1	3	1	4	7	46		2	1	4	1	0.946594595
594	1	1	1	1	1	1	1	157	10	1		1	1										2	2	4	1	1	1	1		5	6	60		2	1	3	2	0.785386035
597	2	1	1	1	1	1	3	21	6	1		1	1										2	2	4	1	2	1	1		4	3	99	4	2	1	9	2	0.996076978
600	2	1	2	1	2	1	2	163	12	1		1	1										2	2	4	1	1	1	1		5	8	69		2	1	1	2	0.493419799
601	1	2	1	1	1	1	2	125	11	1		0	2					1			8	1	1	1	4	1	3	2	2		1	5	52		2	1	1	2	0.984843355
602	2	1	2	2	1	1	1	49	5	1		1	1										2	2	4	1	2	1	1		5	5	67		2	1	2	1	0.526607823
603	2	2	2	2	1	1	1	139	2	1		0	2					2			8	3	1	9	1	2	2	3	4	2	5	4	60		2	4	2	1	0.897446471
606	2	1	1	1	1	1	2	163	13	1		1	2			1					1	1	1	1	2	4	2	2	2		1	3	82		2	2	2	1	0.778302718
608	2	1	1	1	1	1	1	153	1	1		4			4								9	9	1	4	9	1	4	3	5	6	78		2	4	1	1	0.526607823
609	2	2	2	2	1	1	2	125	8	1		9			1								3	1	4	1	2	2	1		3	6	67		2	1	4	2	0.762342603
613	1	1	2	2	1	1	1	157	5	1		2	1										3	1	4	1	4	2	2		5	9	29		2	1	3	2	0.896859377
615	1	2	2	1	2	1	3	31	1	1		1	1										2	2	4	1	2	4	3	1	5	6	21		2	1	1	2	1.405914983
616	2	2	1	1	1	1	1	123	2	1		1	1										2	2	4	2	1	1	1		3	3	99	4	2	9	1	1	0.526607823
617	2	1	1	1	1	1	2	125	14	1		1	2			1					1	1	1	1	4	1	4	2	2		3	5	72		2	9	9	2	0.639549062
620	2	2	2	2	1	1	3	99	9	1		1	1										1	2	4	1	1	1	1		3	3	70		1	3	1	1	0.954864962
626	2	1	1	1	1	1	1	145	4	1		0	1										2	2	4	1	1	1	1		5	3	74		2	1	3	1	0.526607823
627	2	2	2	2	1	2	1	111	4	1		4			1								2	2	4	4	2	1	3	3	3	3	57		2	1	9	1	1.019267099
630	2	2	2	2	1	2	2	25	3	1		1	2			99	2				4	1	1	1	3	4	4	2	3	2	3	3	81		2	1	9	1	0.787132085
634	1	1	1	1	1	1	1	111	4	1		1	2			2					1	3	9	2	4	5	9	1	1		3	7	60		2	1	9	1	0.625638267
638	2	2	2	1	1	1	2	161	12	1		0	9										9	9	4	2	9	9	4	3	3	9	99	9	2	1	9	2	0.58104215
641	1	2	2	2	1	1	2	51	4	1		1	2			2					1	2	1	1	4	1	3	2	2		3	3	54		2	1	2	2	0.856069335
642	2	1	2	2	1	1	2	163	14	1		0	2					99					9	9	4	1	9	9	2		1	5	72		1	1	1	2	0.639549062
643	2	1	2	1	1	1	1	125	9	1		1	9	9									2	9	4	9	2	1	3	3	4	8	78		2	1	4	1	0.467399486
648	2	1	2	1	1	1	1	125	11	1		1	1										2	2	4	1	1	1	1		5	6	62		2	1	4	1	0.932908
649	2	2	2	2	1	1	2	145	5	1		1	2			1					1	1	1	1	4	9	4	2	2		2	5	81		2	2	8	1	0.676535093
653	1	1	1	1	1	1	1	21	6	1		2	1										2	2	4	3	2	1	1		4	8	82		2	1	3	2	0.597166018
656	2	1	1	1	1	1	2	25	3	1		1	2			2					1	3	1	1	4	1	4	2	4	2	4	5	58		1	1	1	1	1.686072596
657	2	1	2	2	1	1	1	125	14	1		0	1										2	2	4	1	1	1	1		3	6	77		2	1	4	1	0.649345829
662	2	1	2	1	1	1	1	125	14	1		0	2					99					3	3	4	3	4	2	2		2	9	70		2	2	9	1	0.60912616
664	2	1	2	1	1	1	2	163	14	1		0	2					99					1	1	4	3	2	3	2		3	5	85		2	2	9	1	0.778302718
667	2	1	1	2	1	1	3	145	5	1		1	9	9									2	2	4	1	2	1	3	3	3	3	82		2	1	9	2	0.856121919
671	2	1	2	1	1	1	2	163	13	1		1	2			2					1	1	1	1	4	1	4	2	2		4	5	63		2	2	3	1	1.19851049
676	2	2	2	2	2	1	1	125	14	1		1	2			99	1				9	9	9	9	3	9	9	9	9	9	9	8	41		2	2	3	1	1.215825234
677	2	2	1	1	1	1	2	163	13	1		1	2			2					3	1	1	1	4	2	3	4	2		1	8	71		2	2	3	1	0.600469914
678	2	1	2	1	1	1	1	125	8	3	1	3			1								1	1	4	9	9	9	9	9	2	8	99	4	2	9	1	1	0.616584368
683	2	1	1	1	1	1	2	163	13	1		1	2			2					1	1	1	9	4	1	4	3	2		4	2	68		2	3	3	2	0.753791303
684	1	1	1	1	1	1	2	125	14	1		1	2			1					1	1	1	1	4	1	3	2	2		3	5	92		2	1	2	2	0.707785761
686	2	1	1	1	1	1	2	161	12	1		1	2			2					1	1	1	1	4	2	3	2	2		1	7	71		2	1	4	2	0.546065234
687	2	1	1	1	1	1	2	163	14	1		0	9										9	9	4	5	9	9	4	3	4	9	88		2	9	9	2	0.684833339
690	2	1	2	2	1	1	2	163	13	1		3			1								2	2	4	2	2	3	1		4	1	88		2	2	9	1	0.778302718
692	2	1	1	1	1	1	1	145	5	1		1	1										2	2	4	1	1	1	1		5	5	78		2	1	2	1	0.620675443
693	2	1	1	1	1	1	2	163	14	1		0	2					1			8	2	1	1	4	2	3	2	2		2	5	77		2	2	3	1	0.778302718
696	2	1	1	1	1	1	2	145	5	1		1	9	9									2	9	4	5	1	1	9	1	3	3	83		2	1	9	1	0.676535093
697	1	2	2	2	2	2	3	49	5	1		2	9	1									1	2	4	2	2	4	4	9	3	3	21		2	1	2	1	1.60651372
698	1	2	2	2	2	2	3	83	1	1		1	1										2	2	4	1	1	1	2		4	5	55		2	1	2	1	1.60651372
699	2	1	1	1	1	1	2	125	14	1		1	2			1					1	1	1	1	4	1	4	2	2		5	2	77		2	2	2	2	0.753791303
701	2	2	2	1	1	1	1	157	10	1		1	1										2	2	4	1	1	1	1		5	3	75		1	1	2	1	0.582794255
702	2	1	1	1	1	1	2	163	13	1		1	1										2	2	4	2	1	1	1		9	9	62		2	2	2	1	1.088868944
703	2	1	1	2	1	1	2	163	14	1		0	9										3	9	4	2	2	2	2		9	6	99	9	2	2	2	1	0.753791303
704	2	1	1	1	1	1	2	163	14	1		0	2					1			8	1	1	1	4	1	4	2	2		3	7	75		2	1	4	2	0.581559063
705	2	1	1	1	1	1	2	163	13	1		0	2					1			8	1	1	1	4	1	4	2	2		3	7	56		2	2	2	2	0.895544396
709	1	2	1	2	1	1	1	97	1	1		4			1								1	1	4	4	4	2	3	2	1	6	76		2	1	2	2	0.564440071
710	2	1	2	1	1	1	2	163	13	1		3			2								1	1	4	2	9	2	2		1	5	72		2	2	2	2	0.753791303
713	2	1	1	1	1	1	2	163	13	1		1	2			1					3	1	1	1	4	2	3	2	2		3	5	57		2	2	2	1	1.19851049
715	2	1	1	1	1	1	2	49	5	1		1	2			1					1	1	1	1	3	1	2	2	2		5	3	70		2	2	2	1	0.676535093
716	2	2	1	2	1	1	1	33	1	1		1	1										2	2	4	1	1	1	1		4	7	60		2	1	4	1	0.625638267
717	2	1	2	1	1	1	2	163	13	1		0	2					1			8	1	1	1	4	2	3	2	2		3	5	74		2	2	2	2	0.753791303
718	2	1	2	2	1	1	2	125	14	1		1	1										2	2	4	1	1	1	1		5	3	58		2	1	4	2	1.19851049
719	2	2	2	2	1	2	2	145	5	1		1	2			1					1	1	1	1	4	1	4	2	2		1	3	61		2	2	1	1	1.493124409
721	2	1	1	1	1	1	2	125	14	1		0	2					2			8	1	1	1	4	2	3	2	3	2	1	8	80		2	1	4	2	0.546065234
723	1	1	2	1	1	1	2	125	14	1		0	2					1			8	1	1	1	4	1	4	2	2		3	6	69		2	2	3	2	0.753791303
725	1	2	2	2	2	2	3	99	10	1		1	1										2	2	4	1	1	1	3	1	3	3	96		2	1	2	1	1.60651372
731	2	1	2	1	1	1	2	99	9	1		0	2					1			8	1	1	1	4	1	4	2	2		1	5	71		2	2	1	2	0.753791303
732	2	1	1	1	1	1	3	125	11	1		0	2					98					1	1	4	4	9	2	2		3	8	74		2	2	4	1	0.784574094
737	2	2	2	2	2	1	2	125	11	1		1	1										2	2	1	2	9	1	1		5	8	51		1	5	4	1	1.09129622
743	2	2	2	1	1	1	1	163	13	1		1	2			99	99				10	2	1	1	4	2	2	2	2		3	5	70		2	2	1	2	0.69155282
744	1	1	1	1	1	1	2	125	14	1		0	2					99					9	9	4	5	9	2	3	2	3	7	67		2	2	2	2	0.581559063
745	2	1	2	1	1	1	2	49	5	1		1	9	2		99	99				10	1	1	1	4	1	4	2	4	2	3	6	85		2	9	2	1	0.676535093
749	1	2	2	1	1	1	1	147	10	1		1	9	9									9	9	4	1	1	9	9	9	9	5	48		2	1	9	1	1.162232385
751	1	2	2	2	1	2	1	105	2	1		1	9	9									9	9	4	5	1	1	9	9	9	3	99	2	2	1	9	1	1.125629713
752	1	1	2	2	1	1	1	49	5	1		1	2			1					1	1	1	1	4	1	4	2	2		2	8	55		2	2	4	2	0.605934779
764	1	1	2	1	1	1	3	145	4	1		1	2			2					1	3	2	2	4	9	9	1	3	3	9	7	52		2	1	2	1	0.891028884
766	1	2	2	2	1	2	1	161	12	1		3			2								2	2	1	3	1	3	4	1	3	6	27		2	1	1	1	1.172590102
767	2	1	2	2	1	1	2	125	14	1		1	2			99	1				9	1	1	1	4	3	2	2	2		2	8	50		2	2	4	2	0.895544396
769	1	2	2	1	1	2	1	1	1	1		0	9										2	2	4	1	1	9	4	1	5	3	99	3	2	1	9	1	0.810924831
784	1	1	2	1	1	1	2	23	7	1		2	2			2					1	1	1	1	4	1	4	2	2		3	3	31		2	1	1	2	1.475539671
785	1	1	2	2	1	1	1	99	9	1		4			1								2	2	4	1	1	1	1		5	8	58		2	1	3	1	0.71974975
786	2	1	2	2	1	1	2	163	14	1		1	2			1					3	1	1	1	4	2	3	2	2		3	3	43		2	2	2	2	1.663630174
790	2	2	2	2	1	1	3	125	11	1		2	9	2		2					1	2	1	1	4	1	2	2	4	2	3	6	25		2	2	4	2	1.906314423
791	2	1	1	1	1	1	2	163	14	2	9				1								1	1	3	4	3	4	1		2	1	25		2	3	4	1	1.458988343
792	1	1	1	2	1	1	3	65	8	1		1	2			2					1	3	1	1	4	2	3	2	2		1	7	22		2	2	1	2	1.487429216
793	1	1	1	2	1	1	1	33	1	1		2	1										2	2	4	2	2	1	1		5	3	33		2	1	4	2	0.987166892
797	2	1	1	1	1	1	2	125	14	1		1	2			1					1	1	1	1	1	1	4	2	2		3	7	55		2	2	2	2	0.895544396
798	1	2	1	1	1	1	1	145	4	1		4			1								2	2	4	1	2	1	1		5	7	99	2	2	1	3	2	0.605934779
799	1	1	1	1	1	1	1	41	1	1		1	1										2	2	4	2	2	1	1		4	7	42		2	1	1	2	0.868436871
802	1	1	1	1	1	1	1	145	4	1		2	1										2	2	4	1	1	1	1		5	7	22		2	1	2	2	0.761611139
807	1	1	2	1	1	2	1	67	3	1		1	2			2					1	2	1	1	4	2	3	2	3	2	1	5	22		2	1	3	1	1.397727624
810	1	2	1	2	1	1	1	29	1	1		4			1								2	2	4	1	1	1	1		5	6	45		2	1	4	1	0.987166892
814	1	1	2	1	1	1	2	65	8	1		2	9	1									2	2	4	1	1	1	1		5	6	62		2	1	2	1	1.212106856
818	1	1	2	1	1	1	1	145	4	1		1	1										2	2	4	2	2	1	1		5	3	63		1	1	3	2	0.785386035
819	1	1	1	2	1	1	1	115	7	1		1	2			9	99				10	1	1	1	4	1	4	2	2		1	3	24		2	1	2	1	1.397727624
822	2	1	2	1	1	1	3	163	14	1		1	2			99	1				1	2	1	1	4	2	4	2	2		4	5	58		2	2	1	2	1.516656137
823	1	2	2	2	1	1	3	93	8	1		2	2			1					1	2	1	1	4	1	4	2	2		2	7	99	9	9	9	9	1	1.535796706
826	1	1	1	2	1	1	1	103	1	1		4			1								9	9	4	5	2	9	3	1	4	6	56		2	1	9	1	0.810924831
832	1	1	1	1	1	1	1	125	11	1		2	1										2	2	4	2	1	2	3	1	3	7	58		2	1	3	2	0.697082369
837	1	1	2	1	1	1	1	115	7	1		3			1								2	2	4	2	2	1	1		4	6	56		2	1	4	2	1.077004995
841	1	2	2	2	1	2	3	121	2	1		2	1										2	2	4	5	2	4	3	1	4	3	63		2	1	2	2	1.118540343
843	1	2	2	2	1	1	2	163	12	1		2	2			9	99				10	3	4	1	4	3	5	3	3	2	3	5	46		2	1	4	2	1.411495613
849	1	1	2	2	2	1	1	1	1	1		1	2			2					1	3	1	2	2	4	3	4	3	1	3	3	25		2	1	3	1	1.019267099
851	1	1	1	1	1	1	1	73	4	1		0	2					1			8	2	1	1	4	2	3	2	2		3	3	61		2	1	1	1	0.810924831
857	1	2	1	1	1	1	1	163	13	1		1	1										2	2	4	5	2	1	3	1	4	5	61		2	1	3	1	0.932908
862	1	1	2	1	1	1	1	87	10	1		1	1										2	1	4	2	2	3	1		3	5	62		2	1	2	2	0.785386035
863	1	1	1	1	1	1	1	163	11	1		2	2			2					1	3	1	1	1	1	1	1	4	3	3	8	55		2	1	9	1	0.71974975
864	1	1	1	1	1	1	3	147	10	1		1	1										2	2	3	1	1	1	1		5	7	61		2	1	2	1	0.891028884
866	1	1	1	1	1	1	1	129	4	1		1	1										2	2	4	1	1	1	1		4	3	53		2	1	9	1	0.810924831
867	1	1	2	2	1	1	2	153	1	1		1	2			2					1	1	1	1	4	2	3	2	3	2	2	3	57		2	1	2	2	0.856069335
868	1	2	2	1	1	1	2	9	1	1		1	2			2					1	3	1	1	4	1	2	2	3	2	3	8	64		2	1	4	1	0.681944562
869	1	1	1	1	1	1	3	93	8	1		1	2			99	99				10	1	1	1	4	3	2	2	2		3	8	61		2	1	4	2	1.183392741
870	1	2	2	1	2	1	3	161	12	1		1	2			2					1	2	1	1	4	2	3	3	4	2	1	6	25		2	1	4	1	1.669993196
875	1	1	2	2	1	1	1	91	7	1		3			1								1	1	4	5	3	3	3	3	3	7	50		2	1	3	2	0.830922316
877	1	2	2	1	1	1	1	39	1	1		1	1										2	2	1	1	1	1	1		5	7	45		2	1	4	2	0.868436871
881	1	2	2	1	2	1	2	137	1	1		1	2			2					1	3	1	9	4	4	2	4	3	2	3	6	20		2	1	3	1	1.110999266
885	1	2	2	1	1	1	1	99	9	1		1	1										2	2	4	1	1	1	1		5	2	57		2	1	3	2	0.903527536
891	1	1	2	2	1	2	1	109	1	1		2	2			1					3	1	1	1	3	2	3	2	3	2	3	6	52		2	1	3	2	0.785386035
893	1	1	2	1	1	1	1	163	12	1		1	2			1					1	3	1	1	4	5	2	2	3	3	3	7	49		2	1	4	1	1.031558582
894	1	2	1	2	1	1	1	91	7	1		4			1								9	9	1	1	2	3	3	3	3	9	60		9	9	9	1	1.010296651
895	1	1	2	2	1	1	1	49	5	1		1	1										2	2	4	1	2	1	1		5	3	59		2	1	2	2	0.785386035
897	1	2	2	2	2	1	1	35	4	1		2	1										2	2	1	1	1	1	3	1	3	6	55		2	1	3	2	0.785386035
898	2	1	2	1	1	1	2	163	14	1		1	2			1					1	2	1	1	4	1	4	2	2		3	7	61		2	2	3	2	0.895544396
900	1	2	1	2	1	1	1	25	3	1		1	1										2	2	3	1	1	1	1		4	7	60		2	1	4	1	0.857941839
901	1	2	2	1	2	1	3	165	4	1		2	1										2	2	4	2	2	4	4	1	5	3	19		2	1	3	1	1.451631834
903	1	1	2	1	1	1	1	63	10	1		2	1										2	2	4	2	1	1	1		5	7	51		2	1	3	2	0.605934779
905	2	2	2	2	1	1	2	77	6	1		1	2			2					1	3	1	1	1	2	4	9	2		3	3	29		2	2	1	2	1.739114382
907	1	2	2	2	1	1	2	55	1	1		0	2					1			8	1	1	1	1	9	9	2	2		3	3	72		2	1	2	1	0.856069335
909	1	2	2	2	1	1	1	137	1	1		3			1								2	2	4	1	1	1	3	1	3	8	52		2	1	4	2	0.605934779
914	1	2	2	2	1	1	1	113	4	1		1	2			1					1	1	1	1	4	1	4	2	2		1	5	61		2	9	2	2	0.785386035
916	2	1	1	1	2	1	2	145	5	1		1	2			99	1				4	1	1	1	4	2	3	3	3	2	2	8	29		2	2	9	2	0.778446737
919	1	1	2	1	1	1	2	77	6	1		1	9	9									9	9	4	5	9	3	4	3	3	4	27		9	9	1	2	1.475539671
920	2	1	2	1	1	1	2	163	13	1		1	2			2					1	2	1	1	4	1	4	3	3	2	5	3	31		2	2	1	2	1.458988343
921	1	2	2	2	1	1	2	115	7	1		4			1								2	2	4	1	1	1	1		5	3	60		2	1	4	1	1.212106856
925	1	1	2	1	1	1	1	21	6	1		1	1										2	2	4	9	2	1	3	1	3	3	58		2	1	1	2	1.077004995
926	1	1	1	1	1	1	1	103	1	1		1	1										2	2	4	2	1	1	1		5	7	72		2	1	3	1	0.786376835
929	1	1	2	1	1	1	2	161	12	1		0	1										2	2	4	1	1	1	1		5	3	57		2	1	2	2	0.984843355
932	1	1	1	1	1	1	1	103	1	1		1	1										2	2	4	1	1	1	3	1	4	3	60		2	1	4	1	0.810924831
933	1	1	2	1	1	1	1	123	2	1		1	2			1					2	1	1	1	4	2	4	2	2		3	8	63		2	1	4	2	0.605934779
935	1	1	1	1	1	1	3	49	5	1		1	2			1					1	2	1	1	4	1	3	2	2		1	8	63		2	2	4	1	0.891028884
936	1	2	2	2	1	1	1	91	7	1		0	1										2	2	4	1	1	1	1		4	8	54		2	1	9	1	0.857941839
938	1	1	2	1	1	1	1	45	7	1		4			1								2	2	4	1	1	1	1		5	8	63		2	1	4	2	0.830922316
939	1	1	1	1	1	1	1	21	6	1		1	9	1									2	2	4	2	2	4	1		5	5	24		2	1	8	1	1.397727624
941	1	2	2	1	1	2	1	81	3	1		1	2			99	99				10	1	1	1	1	4	9	2	3	3	1	3	61		2	1	9	2	1.077004995
942	1	1	2	2	1	1	1	13	1	1		1	1										2	2	4	1	1	1	1		5	3	60		2	1	1	1	0.810924831
946	2	1	1	2	1	1	2	163	14	1		1	2			1					3	1	1	1	4	5	9	2	2		3	5	39		2	2	2	2	1.663630174
947	1	2	1	2	1	1	1	97	1	1		1	1										2	2	4	1	2	1	1		5	5	57		2	1	3	1	0.810924831
950	2	1	2	1	1	1	2	163	13	1		2	2			1					1	2	2	1	4	2	2	2	3	2	3	7	33		2	2	2	1	1.162229653
951	1	1	1	1	1	1	1	125	9	9	2				1								2	1	3	2	2	1	2		4	3	25		2	3	4	1	1.172590102
954	1	2	2	2	1	1	3	159	6	1		1	9	2		9	99				10	1	1	1	4	2	3	2	3	2	2	7	59		2	1	8	1	1.221873723
956	1	1	1	1	1	1	1	61	1	1		4			1								2	2	4	2	2	1	1		4	7	41		2	1	3	1	0.896676274
957	1	2	2	2	1	2	2	17	5	1		1	2			2					3	3	1	1	4	2	3	4	4	2	4	6	58		2	1	2	2	0.856069335
958	1	2	2	1	1	2	3	117	4	3	2				4								2	2	4	1	1	1	4	1	1	6	21		2	1	1	2	1.405914983
962	2	1	1	2	1	1	2	161	12	1		0	2					2			8	2	1	1	4	3	3	2	4	2	1	7	22		2	1	1	2	1.125627067
963	2	1	2	2	1	1	3	125	14	1		3			2								1	1	1	5	2	2	9	9	4	9	23		2	2	2	1	1.78823969
966	1	2	2	2	1	1	3	115	7	1		0	1										2	2	4	1	1	1	3	1	4	7	66		2	1	3	2	1.751211896
967	1	1	2	2	1	1	3	125	8	1		1	1										2	2	4	3	2	1	1		4	7	41		2	1	4	1	1.751211896
969	2	2	2	1	2	1	3	65	8	1		1	2			1					2	3	1	1	4	5	4	2	3	2	1	5	99	3	2	1	9	2	1.533861671
975	2	2	2	2	1	1	2	95	1	1		4			1								2	2	4	1	1	1	3	3	5	3	56		2	1	3	1	1.041798245
978	2	1	2	2	1	1	3	99	9	1		1	1										2	2	4	1	1	1	1		4	6	51		2	1	3	2	1.286796499
982	2	1	1	1	1	1	3	99	10	1		0	9										9	9	4	2	9	9	3	3	9	7	99	3	2	9	2	2	0.862967337
986	1	1	2	2	1	1	1	31	1	1		1	2			1					4	1	1	1	4	2	3	2	2		4	6	53		2	1	1	2	0.785386035
987	1	2	2	2	2	1	3	157	5	1		1	1										2	2	4	1	1	1	1		4	6	55		2	1	3	2	1.405914983
988	2	1	1	1	1	1	1	129	4	1		1	1										2	2	4	1	1	1	3	1	5	3	62		2	1	3	2	0.785386035
991	2	2	2	1	1	1	2	163	13	1		1	1										2	1	4	2	2	2	2		5	3	55		2	1	1	2	0.984843355
992	1	1	1	1	1	1	1	95	1	1		1	1										2	2	4	1	1	1	1		5	7	57		2	1	4	2	0.605934779
994	2	1	2	1	1	1	2	81	2	1		1	2			1					1	1	1	1	4	3	3	2	2		3	6	59		2	1	1	2	0.856069335
995	1	2	2	1	1	1	2	41	1	1		0	2					99					1	1	4	1	4	9	3	2	9	8	61		2	9	9	2	0.660467796
1000	2	1	2	1	1	1	2	125	11	1		1	2			1					1	1	1	1	4	1	4	1	1		3	8	37		2	1	9	1	1.12439696
1002	2	2	2	2	1	2	3	163	12	3	1	2	2			2					1	1	1	1	9	2	9	4	2		5	3	83		2	1	1	1	1.904231165
1003	2	1	2	1	1	1	1	93	8	1		2	2			2					3	1	1	1	4	3	2	2	2		3	7	40		2	1	2	1	1.229618026
1004	2	1	1	1	1	1	1	107	4	1		1	1										2	2	1	1	1	1	3	1	5	4	43		2	1	1	1	1.162232385
1006	2	2	2	2	1	1	3	125	14	1		1	2			99	2				3	3	1	1	1	1	4	2	4	2	5	3	37		2	2	4	1	2.107403145
1007	1	1	1	1	1	1	3	65	8	1		1	2			2					1	1	1	1	4	5	9	2	2		1	8	38		2	1	4	2	1.696060245
1008	2	1	2	2	2	1	2	151	10	1		1	2			1					3	1	1	1	3	2	3	2	3	2	2	7	41		2	1	1	2	0.946594595
1009	2	2	2	2	1	1	1	81	3	1		4			1								2	2	4	1	1	1	1		4	7	41		2	1	4	2	1.190893149
1011	1	1	2	2	1	1	1	155	4	1		1	1										2	2	4	1	2	1	4	1	5	3	38		2	1	3	1	1.162232385
1013	2	2	2	2	1	1	3	125	11	1		2	2			9	1				2	3	2	2	4	1	1	1	2		9	8	40		2	4	4	1	1.469137263
1017	1	1	2	1	1	1	1	145	4	1		1	2			99	2				3	3	1	1	4	9	2	2	2		3	7	44		2	1	9	1	0.896676274
1019	1	2	2	2	1	2	1	121	2	1		4			3								4	9	1	4	2	4	4	3	5	3	42		2	9	8	1	1.162232385
1020	2	2	2	1	1	1	1	77	6	1		2	9	9									1	2	4	2	2	1	3	2	3	4	48		2	1	4	1	1.593776854
1024	2	2	2	2	1	1	3	89	1	1		2	1										2	2	4	2	2	1	1		3	7	38		2	1	4	2	1.236820662
1025	1	2	2	2	2	1	1	93	8	1		0	2					2			8	1	1	1	4	4	3	4	3	2	1	5	18		2	1	3	2	1.353708401
1027	1	2	2	2	2	1	3	7	1	1		1	1										2	2	4	1	1	1	3	1	4	7	23		2	1	2	1	1.084680331
1028	1	2	2	1	1	1	1	21	6	1		0	1										2	2	4	2	2	1	3	1	5	3	21		2	1	1	2	1.353708401
1029	2	2	2	2	1	2	1	73	4	1		4			1								2	2	4	1	1	1	1		3	3	44		2	1	2	1	1.162232385
1030	1	2	1	1	1	1	3	41	1	1		2	2			2					1	2	1	1	4	2	3	2	2		1	8	25		2	1	1	1	1.084680331
1033	2	1	2	2	1	2	2	81	3	1		4			4								1	4	1	4	4	2	3	2	3	6	43		2	2	3	2	1.862017732
1036	1	2	2	1	1	1	2	161	12	1		1	2			1					1	2	1	1	4	5	9	2	2		2	7	23		2	1	3	2	0.955030566
1038	1	2	2	1	1	1	3	45	7	1		2	9	2		1					1	1	1	1	4	9	3	3	3	3	3	3	30		2	1	2	2	1.927940391
1039	1	2	2	2	2	2	3	87	10	9	9				9								9	9	9	9	9	4	9	1	9	3	99	1	2	9	9	2	1.405914983
1045	1	1	1	1	1	1	1	125	8	1		1	1										2	2	4	1	1	1	1		4	7	99	2	2	1	3	2	0.830922316
1051	1	1	2	2	1	1	2	161	7	1		3			1								2	2	4	2	1	1	1		5	6	62		2	1	4	2	1.173933466
1052	1	2	2	1	1	1	1	165	4	1		1	2			1					2	1	1	1	4	2	9	2	2		2	5	57		2	1	3	2	0.785386035
1055	1	2	2	2	1	2	1	105	2	1		1	9	9									2	2	1	3	1	1	3	3	4	3	61		2	1	2	2	0.785386035
1057	1	1	1	1	1	1	3	21	6	1		3			1								2	2	4	1	2	1	1		5	3	61		2	1	4	2	1.533861671
1063	1	1	1	2	1	1	1	131	1	1		4			1								3	3	4	4	3	3	3	3	3	6	45		2	1	3	2	1.125629713
1068	1	1	2	1	1	1	2	1	1	1		1	2			2					1	2	1	1	4	2	4	2	3	2	2	3	59		2	1	2	2	0.856069335
1070	1	1	1	1	1	1	1	125	9	1		1	1										3	3	4	4	3	2	3	3	3	7	61		2	1	2	1	0.71974975
1071	1	2	2	2	1	1	3	125	11	1		1	9	9									9	9	2	2	9	9	4	9	3	7	77		2	1	4	2	0.644702395
1074	1	2	2	2	1	1	1	25	3	1		4			2								3	1	3	1	4	2	4	2	3	6	65		2	1	4	2	0.699398062
1077	1	2	1	1	1	1	1	157	10	1		0	9										2	2	4	9	1	1	1		3	4	99	4	2	1	8	2	0.510023142
1078	1	2	2	2	2	1	2	41	1	1		2	9	1									9	2	3	2	2	1	3	1	2	3	58		2	1	9	1	0.883906576
1079	1	2	2	2	1	1	2	163	13	1		1	1										1	1	4	9	4	2	2		9	2	99	9	2	2	9	2	0.753791303
1082	1	1	2	2	1	1	1	71	1	1		0	1										2	2	4	1	1	1	1		4	6	76		2	1	2	1	0.526607823
1086	1	1	2	2	1	1	3	5	6	1		2	9	2		1					9	2	1	1	4	1	4	3	3	1	1	3	70		2	1	2	1	0.996076978
1088	1	1	1	1	1	1	3	117	4	1		1	9	2		1					1	1	2	1	4	9	1	2	3	2	3	8	64		2	1	3	2	0.560403792
1090	1	2	2	2	2	1	3	93	8	1		1	2			1					3	1	1	1	4	1	4	2	2		1	6	52		2	1	3	1	1.990632206
1091	2	1	2	2	1	1	1	37	4	1		4			1								2	2	4	1	1	1	3	1	5	7	33		2	1	4	1	0.786376835
1094	1	1	1	1	1	1	1	97	1	1		2	9	9									9	9	4	2	9	3	4	2	4	3	59		2	1	2	2	0.785386035
1099	1	2	2	1	1	1	2	57	4	1		0	2					1			8	1	1	1	4	4	2	2	2		3	7	62		2	1	3	2	0.660467796
1102	2	1	1	1	1	1	2	145	4	1		3			1								2	2	4	1	2	1	1		5	6	32		2	1	3	1	1.110999266
1104	1	1	2	1	1	1	1	93	8	1		4			1								9	9	4	1	2	9	1		5	3	50		2	1	9	2	1.077004995
1110	2	1	2	2	1	1	3	163	13	1		0	2					2			8	1	1	1	4	4	2	2	3	2	1	3	33		2	1	1	2	1.617399399
1112	1	1	2	1	1	1	1	103	1	1		1	1										2	2	4	1	1	1	1		4	5	52		2	1	9	2	0.785386035
1116	1	1	2	2	1	2	3	21	6	1		1	1										3	2	1	2	9	3	1		4	3	98		2	1	9	2	1.533861671
1123	1	2	2	2	2	2	3	37	4	3	2				3								2	2	2	2	2	4	1		3	3	18		2	1	2	2	1.555919109
1124	1	2	2	1	1	1	2	61	1	1		1	2			1					1	1	1	1	4	2	3	2	2		3	8	64		2	1	3	1	0.660467796
1127	1	1	2	1	1	1	1	125	11	1		1	1										2	2	4	1	1	1	1		4	8	53		2	1	3	2	0.697082369
1132	1	2	2	2	2	1	1	23	7	1		2	2			1					1	2	9	1	4	4	2	4	4	3	2	6	54		2	1	1	1	1.112026513
1139	1	1	2	2	1	2	1	163	12	1		2	1										2	2	4	1	1	1	1		5	8	48		2	1	4	1	0.876176307
1140	2	2	1	2	1	2	2	129	4	1		1	9	1									2	2	4	1	1	1	4	1	4	3	55		2	1	3	1	0.883906576
1148	1	1	2	2	1	1	2	37	4	1		2	9	9									9	9	1	3	9	2	3	9	4	7	54		9	9	3	2	0.73093642
1150	1	1	1	1	1	1	1	125	11	1		1	2			1					1	1	1	1	4	2	3	2	2		3	6	60		2	1	4	2	0.903527536
1153	1	1	1	1	1	1	3	165	4	1		0	1										2	2	4	1	1	1	1		4	8	55		2	1	9	2	0.862967337
1154	1	2	2	2	1	1	1	115	7	1		1	2			1					1	1	4	1	2	1	3	2	2		3	3	58		2	1	2	2	1.077004995
1158	1	1	1	1	1	1	1	77	6	1		0	1										2	2	4	1	4	1	1		5	3	60		2	1	8	2	1.077004995
1159	1	1	2	1	1	1	1	107	4	1		4			1								2	2	4	1	1	1	4	9	5	7	98		2	1	3	2	0.605934779
1162	1	2	2	2	1	1	3	99	9	1		0	2					99					1	1	4	5	4	2	3	2	2	3	56		2	1	8	2	1.286796499
1164	2	2	2	2	1	2	2	159	6	1		1	9	1									2	2	4	1	1	1	1		9	5	65		2	1	2	2	0.762342603
1167	1	2	2	1	1	1	3	73	4	1		0	2					1			8	1	1	1	4	1	3	2	2		1	7	21		2	1	4	2	1.084680331
1169	2	1	2	1	1	1	2	49	5	1		0	2					99					1	1	4	9	9	2	3	9	2	6	68		2	1	3	2	0.555924288
1170	2	1	1	1	1	1	1	163	13	1		0	9										2	2	1	2	2	1	1		4	3	83		2	1	2	1	0.605822675
1171	2	1	1	1	1	1	2	23	7	1		0	2					2			8	1	1	4	4	1	3	2	3	2	1	4	67		2	1	2	2	0.762342603
1172	1	2	2	2	2	1	3	87	10	1		1	2			2					4	2	1	1	2	2	2	4	4	2	3	5	20		2	3	2	2	1.405914983
1177	2	2	2	1	1	1	2	163	14	1		1	2			2					1	2	1	1	4	5	9	2	2		2	5	64		2	2	3	1	0.778302718
1178	2	2	2	2	1	2	1	111	4	1		1	1										2	2	4	1	1	1	1		5	3	76		2	1	2	1	0.526607823
1183	2	1	1	1	1	1	2	125	8	1		0	1										2	2	1	4	1	1	3	1	4	8	68		2	1	4	1	0.607281877
1184	2	1	2	1	1	1	1	57	4	1		1	2			2					1	1	1	1	4	5	9	2	2		3	7	36		2	1	2	2	0.868436871
1190	2	1	1	2	1	2	1	81	3	1		3			3								2	2	1	5	2	1	1		3	3	86		2	1	1	2	0.699398062
1191	1	2	2	2	1	2	2	21	6	1		1	2			2					1	3	1	1	4	2	3	2	2		4	5	28		2	2	2	1	1.795666046
1196	1	2	2	2	2	2	3	13	1	1		2	1										2	2	2	3	2	4	4	1	3	3	20		2	1	3	2	1.555919109
1197	2	1	1	1	1	1	1	125	11	1		0	1										2	2	4	1	2	1	1		5	8	99	4	2	1	3	1	0.467399486
1201	2	1	2	1	1	1	3	163	12	1		0	1										2	2	4	1	1	1	3	1	5	3	83		2	1	9	2	0.835634916
1207	1	2	2	2	2	2	3	111	4	1		3			1								2	2	3	1	1	4	1		5	7	22		2	1	1	1	1.239444671
1212	2	1	1	1	1	1	3	163	13	1		0	2					1			8	1	1	1	4	3	2	2	3	2	3	8	71		2	1	3	1	0.66566651
1215	1	1	2	1	1	1	1	125	11	1		4			3								9	9	2	3	2	3	3	3	3	7	55		2	1	4	1	0.697082369
1216	1	2	2	1	1	1	1	145	4	1		1	1										2	2	4	2	2	1	1		3	5	23		2	1	4	1	1.019267099
1217	2	2	2	2	1	2	3	115	7	1		3			1								2	2	4	1	1	4	3	1	3	3	31		2	1	8	1	1.990632206
1225	1	2	2	1	1	1	1	77	6	1		1	9	2		1					1	1	1	1	4	2	3	2	3	2	3	7	57		2	1	4	2	0.830922316
1227	1	2	2	1	1	1	1	145	4	1		4			1								2	2	4	1	2	1	3	1	4	7	59		2	1	4	1	0.625638267
1228	2	1	2	1	1	1	1	99	9	1		1	1										2	2	4	2	2	1	1		4	8	68		2	1	9	1	0.467399486
1234	2	1	1	2	1	1	1	81	3	9	1	4			1								2	2	4	9	5	1	3	3	3	8	63		2	1	2	1	0.557140276
1235	2	1	1	1	1	1	1	77	6	1		0	1										2	2	4	1	1	1	1		5	4	70		2	1	9	2	0.722140744
1236	2	1	1	1	1	1	1	129	4	1		0	1										2	2	4	1	1	1	1		5	7	82		2	1	3	1	0.406284274
1240	2	1	1	1	1	1	1	125	11	1		1	2			1					1	1	1	1	4	2	9	2	2		3	6	81		2	1	2	1	0.605822675
1241	1	1	2	1	1	1	1	125	9	1		1	2			2					2	3	2	2	4	1	1	1	3	1	4	7	53		2	1	3	1	0.71974975
1247	2	2	2	2	2	1	3	139	2	1		2	9	2		9	2				2	3	1	1	3	4	1	3	3	2	3	7	34		2	1	2	1	1.119951432
1248	2	1	1	1	1	1	1	161	7	1		0	1										2	2	4	1	1	1	1		4	8	86		2	1	1	1	0.557140276
1250	2	1	1	2	1	1	3	35	4	1		1	1										2	2	4	1	1	1	1		3	2	82		2	1	9	1	0.749990538
1251	1	1	1	2	2	2	1	55	1	1		1	1										2	2	4	1	2	4	3	2	4	3	56		2	1	3	2	0.810924831
1252	1	1	2	2	1	1	1	111	4	1		1	1										2	2	4	2	2	1	3	1	3	4	40		2	1	4	1	1.162232385
1254	2	1	1	1	1	1	1	65	8	1		0	1										2	2	4	1	1	1	3	1	3	7	79		2	1	9	1	0.557140276
1255	2	1	1	1	1	1	2	125	11	1		0	2					5	2		8	2	1	1	4	4	2	2	2		1	8	78		2	1	3	1	0.509464581
1259	1	1	2	2	1	1	1	103	1	1		2	9	9									9	1	3	5	2	3	3	1	3	8	27		2	1	4	1	0.786376835
1266	2	1	1	1	1	1	1	117	4	1		1	1										2	2	3	2	2	1	1		3	3	56		2	1	1	2	0.785386035
1269	2	1	2	1	1	1	1	37	4	1		0	1										2	2	9	5	2	1	1		5	3	65		2	1	4	2	0.510023142
1270	2	1	2	1	1	1	1	163	11	1		1	1										2	2	4	2	2	1	1		3	6	65		2	1	2	1	0.605822675
1274	2	2	2	2	2	1	3	163	14	1		4			1								3	3	4	4	1	3	4	3	3	8	44		2	1	4	1	1.469137263
1275	2	1	2	2	1	1	2	163	13	1		1	9	9									1	1	4	9	9	4	2		4	6	99	9	2	9	9	1	0.660345603
1276	1	2	2	2	1	1	1	125	9	1		1	2			2					1	2	1	9	4	3	5	4	2		1	3	20		2	1	2	1	1.172590102
1280	1	1	1	2	1	1	1	55	1	1		1	1										2	2	4	1	1	1	4	1	4	5	51		2	1	3	1	0.810924831
1282	2	2	2	2	1	1	1	107	4	1		1	1										2	2	4	2	2	1	1		3	6	82		2	1	2	1	0.526607823
1285	1	2	1	2	1	1	1	41	1	1		3			4								1	2	1	9	4	4	4	1	3	2	18		2	1	1	1	0.810924831
1286	1	1	2	2	1	2	2	163	12	1		4			1								2	2	4	1	1	1	1		3	3	58		2	1	2	1	1.016868006
1293	2	1	2	1	1	1	1	77	6	1		1	1										3	3	4	4	3	3	3	1	3	7	63		2	1	4	1	0.557140276
1295	2	2	1	1	1	1	1	125	11	1		0	9										2	2	1	2	1	1	3	1	3	6	63		2	1	8	1	1.13566123
1297	2	2	1	1	1	1	1	161	7	1		1	2			99	99				10	2	1	1	4	2	9	9	4	3	1	7	89		2	1	2	1	0.557140276
1300	2	2	2	2	2	2	3	21	6	1		1	2			2					1	2	1	1	4	3	2	2	2		3	7	23		1	5	2	2	1.646130504
1301	2	1	2	1	1	1	2	163	13	1		1	2			2					3	1	1	1	4	2	4	2	2		2	7	33		2	2	2	2	1.125627067
1305	1	1	2	2	1	1	1	115	7	1		1	1										2	2	4	2	2	1	1		5	7	58		2	1	4	1	0.857941839
1307	1	1	1	1	1	1	1	77	6	1		2	1										2	2	4	1	1	1	1		5	7	45		2	1	3	1	1.229618026
1308	2	2	1	1	2	1	1	99	10	1		0	1										2	2	4	1	1	1	1		5	3	77		2	1	3	1	0.526607823
1309	2	2	2	1	1	1	1	37	4	1		1	1										2	2	4	3	2	3	3	3	3	8	44		2	1	4	2	0.670585002
1310	2	1	1	2	1	1	1	99	9	1		0	1										2	2	2	9	2	4	1		9	3	76		2	1	8	2	0.586743248
1313	1	2	2	2	1	1	2	163	13	1		2	2			1					2	2	1	1	4	2	9	4	2		1	5	55		2	2	2	2	1.160765296
1314	2	2	2	2	1	1	2	125	8	1		4			3								1	1	1	4	1	3	3	2	2	8	70		2	1	3	2	0.588156494
1315	2	1	1	1	1	1	3	79	1	1		0	2					1			8	1	1	1	4	9	2	2	2		3	6	70		2	1	4	2	0.749990538
1316	1	2	2	2	2	2	3	81	3	1		4			2								2	2	3	2	2	4	1		3	3	56		1	5	3	1	1.752716095
1317	2	2	2	1	1	2	2	163	13	1		4			4								4	9	4	5	2	9	2		1	2	99	9	2	3	9	1	1.506431007
1318	1	2	2	1	1	1	3	5	6	1		1	1										2	2	4	2	2	1	3	1	5	7	60		2	1	2	1	1.487429216
1319	1	1	2	2	1	1	1	119	1	1		1	1										2	2	4	1	9	1	3	1	3	6	50		2	1	2	1	0.810924831
1322	1	2	2	2	2	2	3	89	1	3	2				1								2	2	4	1	1	4	1		5	6	21		2	1	2	2	1.555919109
1323	1	2	2	2	1	1	3	17	5	3	1	1	1										2	2	4	1	1	1	1		1	3	72		2	1	2	2	1.405914983
1328	2	1	1	1	1	1	2	139	2	1		1	2			1					3	1	1	1	4	2	3	2	3	3	3	7	84		2	1	3	1	0.442849112
1329	1	1	2	1	1	1	1	103	1	1		1	1										2	2	4	1	1	1	3	1	4	3	58		2	1	3	1	0.810924831
1334	2	2	2	1	1	1	1	125	8	1		2	1										2	2	4	1	1	1	1		5	7	99	3	2	1	4	2	0.830922316
1336	2	2	2	1	1	1	1	151	10	1		1	1										2	2	1	1	1	1	1		3	5	49		2	1	2	1	0.810924831
1344	1	1	2	1	1	1	3	125	9	1		1	2			3					2	3	1	2	2	4	1	2	3	2	2	3	23		2	2	1	1	1.669993196
1347	2	1	2	2	1	1	1	105	1	1		1	2			1					1	1	1	1	4	2	3	2	3	2	3	5	57		2	1	4	1	0.810924831
1351	2	1	2	2	1	1	3	49	5	1		2	1										2	2	4	2	2	1	1		5	6	63		2	1	9	1	1.154912486
1352	2	1	1	1	1	1	3	95	1	1		1	1										2	2	4	2	2	1	1		5	7	47		2	1	9	2	1.236820662
1355	2	1	2	1	1	1	1	37	4	1		1	1										2	2	4	2	2	1	1		4	6	60		2	1	9	2	0.785386035
1359	2	1	1	2	1	1	3	35	4	1		1	1										2	2	4	1	2	1	1		3	5	50		2	1	2	1	0.726370771
1362	2	1	2	2	1	1	1	125	8	1		1	9	9									2	2	4	1	2	1	9	9	3	6	99	9	2	9	8	2	0.699398062
1367	2	2	2	2	1	1	1	5	2	1		1	1										2	2	4	1	1	1	3	1	3	8	55		2	1	4	1	0.625638267
1369	2	1	1	1	1	1	3	125	9	1		1	2			2					3	3	1	1	4	1	9	3	4	2	1	7	57		2	1	3	2	0.992778987
1375	2	1	1	1	1	1	1	45	7	1		0	1										2	2	4	2	1	1	1		4	5	97		2	1	8	2	0.699398062
1377	2	1	1	1	1	1	2	49	5	1		0	9										1	1	4	1	5	3	2		3	3	71		2	1	2	2	0.555924288
1379	2	2	2	2	2	1	2	147	10	1		1	9	9									1	1	3	4	2	4	3	3	2	3	24		2	1	3	2	1.076010099
1380	2	1	1	1	1	1	3	163	12	1		1	1										2	2	4	1	1	1	3	3	4	8	48		2	1	4	2	1.422869106
1384	1	2	2	2	2	2	3	109	1	1		2	1										2	2	2	2	2	4	1		3	3	18		2	1	2	1	1.60651372
1386	2	1	1	1	1	1	2	161	12	1		1	2			1					1	2	1	1	4	9	3	2	2		1	8	74		2	1	3	1	0.509464581
1388	1	1	1	1	1	1	1	61	1	1		1	2			2					1	3	2	2	4	1	2	1	4	1	3	4	53		2	1	3	1	0.810924831
1391	2	1	2	1	1	1	2	161	12	1		1	2			1					1	1	1	1	4	1	3	2	2		3	7	69		2	1	4	1	0.509464581
1394	2	1	1	1	1	1	1	139	2	1		1	2			1					1	1	1	1	4	1	4	2	1		3	8	61		2	1	9	1	0.625638267
1396	1	1	2	1	1	1	1	1	1	1		1	2			1					1	1	1	1	4	1	4	2	3	3	3	7	61		2	1	3	1	0.625638267
1398	2	1	1	1	1	1	1	117	3	1		1	2			1					1	1	1	1	4	1	4	2	2		5	3	67		2	1	8	2	0.699398062
1401	2	1	1	1	1	1	1	125	14	1		1	9	9									9	9	4	4	9	9	3	3	3	9	81		2	1	1	2	0.533067091
1403	1	1	1	1	1	1	1	139	2	1		2	2			99	99				10	3	1	1	4	3	2	3	3	3	3	7	45		2	1	2	2	0.868436871
1409	1	2	2	2	2	1	3	45	7	1		0	2					4	2		8	2	1	1	4	2	2	4	2		3	6	20		2	1	3	2	1.927940391
1411	2	1	1	1	1	1	1	125	11	1		0	2					1			8	1	1	1	4	1	4	2	2		2	5	72		2	1	2	2	0.586743248
1413	1	2	2	1	2	1	1	145	4	1		2	2			9	9				3	3	2	2	4	1	1	1	3	1	5	7	53		2	1	4	1	0.786376835
1415	2	1	1	2	1	2	2	145	5	1		1	2			1					1	1	9	1	1	2	2	4	2		4	3	85		2	4	1	2	0.655228689
1416	2	1	1	1	1	1	1	7	1	1		1	9	2		1					3	2	2	9	4	2	2	2	1		3	8	66		2	1	4	1	0.406284274
1419	2	1	2	2	1	1	2	65	8	1		3			1								1	1	4	2	3	2	2		1	7	99	9	2	2	2	2	0.588156494
1424	2	1	1	1	1	1	3	111	4	1		0	1										9	2	4	4	2	1	9	1	4	7	91		2	1	3	2	0.560403792
1426	2	1	1	1	1	1	1	163	13	1		1	9	9									2	2	4	1	1	1	3	3	5	9	99	9	2	9	9	1	0.550401104
1429	2	2	2	2	2	1	1	121	2	3	1	1	2			99	1				9	1	1	1	2	1	4	4	2		2	3	21		2	2	1	2	0.987166892
1430	2	1	1	1	1	1	2	65	8	1		0	1										2	9	4	2	2	9	3	1	3	2	88		2	1	2	2	0.762342603
1433	2	2	1	2	1	1	1	65	8	1		3			1								2	2	4	1	1	1	3	1	3	3	64		2	1	3	1	0.722140744
1436	2	2	2	1	1	1	2	99	10	1		4			2								1	1	4	3	4	2	2		4	3	79		2	1	2	2	0.555924288
1437	1	2	2	2	2	2	3	99	9	1		2	1										2	2	3	2	1	1	1		5	5	24		2	2	2	2	1.789967858
1438	2	2	2	2	1	1	2	99	9	1		1	1										2	2	4	1	1	1	1		9	3	76		2	1	9	1	0.660345603
1441	2	2	2	2	1	1	3	75	7	1		1	1										2	2	4	1	1	1	1		4	7	29		2	1	3	1	1.535796706
1442	2	1	1	1	1	1	3	161	12	1		0	2					1			8	1	1	1	4	2	3	2	2		3	7	72		2	1	3	1	0.66566651
1443	1	2	2	1	1	2	3	33	1	1		0	2					5	2		8	3	2	1	4	3	2	2	1		3	8	26		2	1	3	2	1.084680331
1450	1	1	2	2	1	1	2	157	5	1		1	1										2	2	4	1	2	1	3	1	4	3	55		2	1	2	2	0.856069335
1451	2	2	2	1	1	1	1	5	6	1		1	2			1					4	1	1	1	4	2	3	2	3	2	3	8	55		2	1	4	1	0.857941839
1454	2	1	2	1	1	1	3	163	14	1		1	2			2					1	1	1	1	1	1	4	2	2		2	8	55		2	2	3	2	1.170118464
1455	2	2	1	1	1	1	1	99	9	1		0	1										2	2	4	1	2	1	1		3	8	63		2	1	2	1	0.71974975
1458	2	2	2	1	1	1	1	21	6	1		0	9										2	2	3	1	1	1	3	1	5	4	70		9	1	9	2	0.699398062
1461	1	1	2	1	1	1	1	83	1	1		2	2			2					3	1	1	1	4	2	3	4	3	3	3	9	99	9	9	9	9	1	0.736740205
1463	2	1	1	1	1	1	1	139	2	1		0	9										1	9	9	5	1	1	4	9	5	3	79		2	1	9	1	0.526607823
1465	1	2	2	2	2	2	3	163	13	1		1	2			2					1	3	1	1	4	2	3	4	2		1	5	18		2	1	4	2	1.789967858
1468	2	1	2	1	1	1	3	93	8	1		2	1										2	2	4	1	1	1	3	1	4	7	63		2	1	3	2	1.183392741
1471	2	1	2	1	1	2	1	125	11	1		1	1										2	2	4	1	1	1	1		5	8	61		2	1	9	1	0.71974975
1474	2	1	2	2	1	2	3	163	11	1		1	1										2	9	4	9	2	1	1		4	5	84		2	1	1	2	0.835634916
1475	2	2	1	1	1	1	3	163	11	1		1	2			1					1	2	1	1	4	2	3	1	3	2	3	3	66		2	1	9	1	0.86280768
1476	2	1	1	1	1	1	1	45	7	1		4			1								1	1	4	2	9	2	3	2	3	5	69		2	1	3	2	0.699398062
1477	2	1	1	2	1	1	2	125	8	9	1	9			9								9	2	2	9	2	9	9	2	3	6	48		2	1	4	2	0.843680762
1479	1	2	2	2	2	2	3	103	1	1		1	1										2	2	4	2	2	4	3	1	4	5	20		2	1	3	2	1.60651372
1483	2	1	1	2	1	1	2	21	6	1		1	2			99	1				4	2	9	9	4	9	2	2	3	2	2	5	99	9	2	2	2	2	0.762342603
1492	2	1	1	1	1	1	2	125	8	1		1	2			99	99				10	1	1	1	4	4	9	2	2		5	8	65		2	1	3	1	0.607281877
1493	2	1	2	1	1	1	3	125	9	1		1	1										2	2	4	1	1	1	1		5	8	70		2	1	2	1	0.66566651
1494	1	1	2	1	1	1	1	163	11	1		4			1								2	2	4	2	1	1	3	1	4	3	63		2	1	3	2	0.903527536
1495	2	1	1	1	1	1	3	69	5	1		0	2					98					1	1	4	3	4	1	3	2	2	5	84		2	1	1	1	0.749990538
1496	2	1	1	1	1	1	1	35	4	1		1	9	9									9	9	4	9	2	9	9	9	5	9	99	4	2	1	9	2	0.463365456
1500	2	2	1	1	1	1	2	49	5	1		1	2			99	3				3	1	1	1	4	2	3	9	3	2	4	8	71		2	1	3	2	0.428902279
1503	1	2	2	1	2	1	3	81	2	1		1	9	9									2	2	4	2	2	4	1		4	5	20		2	1	3	1	1.451631834
1508	2	1	2	2	1	1	2	49	5	1		1	2			9	1				1	3	2	2	4	1	2	1	3	9	3	5	73		2	1	2	2	0.555924288
1510	1	2	2	1	1	1	1	45	7	1		4			1								1	1	4	9	9	2	3	2	3	8	56		2	1	4	2	0.830922316
1511	2	1	2	1	1	1	1	125	11	1		4			2								2	2	4	1	1	9	3	1	4	7	68		2	1	3	1	0.467399486
1512	2	2	2	1	1	2	1	21	6	1		2	2			1					1	2	1	1	4	2	3	2	2		3	8	74		2	1	4	1	0.557140276
1515	1	2	2	2	1	1	1	149	6	1		4			1								2	2	4	1	1	1	1		5	3	56		2	1	3	1	1.112026513
1516	2	2	2	1	1	1	2	115	7	1		1	1										2	2	4	1	2	1	1		4	3	84		2	1	3	1	1.173933466
1518	1	1	1	1	1	1	1	81	2	1		1	9	9									9	9	4	1	2	9	9	9	5	6	60		2	1	3	1	0.810924831
1520	2	2	2	1	1	1	2	125	14	1		0	1										2	2	4	1	1	1	1		5	5	70		2	1	4	2	0.639549062
1522	2	1	1	1	1	1	2	121	2	1		0	2					1			8	2	1	1	4	1	3	2	2		1	8	49		2	1	2	2	0.660467796
1523	2	1	1	1	1	1	2	125	14	1		0	1										2	2	4	2	2	1	1		5	6	76		2	1	2	1	0.778302718
1524	2	1	2	1	1	1	1	81	3	1		1	2			1					1	1	1	1	4	9	3	2	2		4	6	61		2	1	3	2	1.077004995
1528	1	1	2	1	1	1	1	99	10	1		1	2			99	2				3	1	1	1	4	5	2	2	3	2	4	7	62		2	2	4	2	0.605934779
1529	2	2	1	1	1	1	3	77	6	1		0	2					5	1	1	8	1	4	1	9	2	9	2	3	2	3	8	83		2	1	4	1	0.793474606
1531	2	1	1	1	1	1	3	75	7	1		0	2					6	2		8	1	1	1	4	2	3	2	2		2	6	73		2	1	3	2	0.996076978
1535	1	2	2	2	1	2	1	21	6	3	2				4								2	2	4	2	2	4	1		5	3	31		2	1	8	1	1.397727624
1536	2	2	1	1	2	1	1	103	1	1		0	1										2	2	4	4	1	1	1		9	8	73		2	1	4	2	0.4
1538	2	2	2	2	2	1	3	93	8	3	1	3			1								1	1	1	1	4	4	2		3	6	80		2	1	1	1	1.028466919
1539	2	1	1	1	1	1	2	81	3	1		0	2					1			8	1	1	1	4	1	4	2	2		1	8	78		2	1	8	2	0.588156494
1541	2	1	2	1	1	1	1	91	7	1		1	9	9									9	9	4	4	2	1	9	3	4	5	62		2	1	9	1	1.112026513
1542	2	1	1	2	1	1	3	161	7	1		2	1										2	2	4	3	9	1	3	3	3	8	89		2	1	4	1	0.793474606
1549	2	1	1	1	1	1	3	125	9	1		0	2					6	1	1	8	2	1	1	4	2	3	2	2		3	8	80		2	1	4	1	0.66566651
1550	2	1	2	1	1	1	1	99	10	1		1	9	9									9	1	4	4	1	9	3	3	3	7	99	9	2	1	9	2	0.4
1555	2	1	1	1	1	1	1	139	2	1		1	1										2	2	4	1	1	1	1		5	3	60		2	1	3	2	0.785386035
1558	2	1	1	1	1	1	3	61	1	1		1	2			1					1	1	4	1	4	5	4	2	2		1	7	78		2	1	2	1	0.578626727
1559	2	1	1	1	1	1	1	139	2	1		1	1										1	1	4	1	3	2	1		4	7	78		2	1	3	1	0.406284274
1560	1	1	1	1	1	1	1	67	3	1		3			1								2	2	4	5	2	1	1		4	7	52		2	1	9	2	0.830922316
1561	2	2	2	2	1	1	2	125	11	1		1	2			1					1	1	1	1	1	1	4	2	2		3	7	81		2	2	2	1	0.509464581
1562	2	2	1	1	1	1	1	93	8	1		1	9	2		99	2				3	3	1	1	4	1	3	2	2		4	3	75		2	1	4	2	0.699398062
1563	2	1	1	1	1	1	2	125	14	1		0	2					1			8	1	1	1	4	2	3	2	2		4	6	59		2	2	3	2	0.753791303
1564	2	1	1	2	1	1	1	157	10	1		1	9	9									9	9	4	9	2	1	4	3	5	6	69		2	1	2	1	0.510023142
1566	2	1	1	1	1	1	3	49	5	1		0	1										1	1	3	1	1	2	2		3	3	91		2	1	1	1	0.749990538
1568	2	1	1	1	1	1	3	77	6	1		0	1										2	2	1	1	2	1	1		3	7	97		2	1	3	1	0.793474606
1574	1	1	1	1	1	1	3	75	7	1		1	2			1					1	1	1	1	4	1	3	2	3	2	3	8	61		2	1	4	1	1.221873723
1575	2	2	2	2	1	1	1	21	6	1		1	2			2					1	1	1	1	4	2	4	2	3	2	3	8	73		2	1	2	2	0.539594023
1576	2	1	2	1	1	1	1	125	8	1		2	1										2	2	4	2	2	1	1		3	8	74		2	1	3	1	0.557140276
1578	1	2	2	2	2	2	3	73	4	1		0	2					2			8	2	1	3	3	3	2	4	3	2	1	5	19		2	1	2	2	1.555919109
1580	2	2	2	2	1	2	1	67	3	1		2	1										2	2	4	5	2	1	1		3	3	51		2	1	3	2	1.077004995
1581	2	2	1	2	1	1	3	49	5	1		0	2					1			8	1	1	1	4	1	3	3	2		5	3	81		2	1	2	2	0.726370771
1584	2	1	1	1	1	1	1	81	3	1		0	2					99					1	1	4	1	3	2	3	2	3	7	57		2	1	3	1	0.857941839
1585	2	2	2	1	1	1	3	145	5	1		0	1										2	2	4	1	1	1	1		4	7	73		2	9	4	1	0.578626727
1589	2	1	1	1	1	1	1	163	11	1		0	1										2	2	4	2	2	1	3	1	3	6	81		2	1	3	1	0.605822675
1593	2	2	2	2	2	1	1	99	9	1		1	9	9									2	2	1	4	2	9	9	9	9	7	38		9	9	9	1	1.031558582
1600	1	2	2	2	2	1	3	163	11	1		1	9	9									1	1	4	4	2	3	3	2	3	6	23		2	1	4	1	1.669993196
1601	2	1	2	1	1	1	1	151	10	1		0	1										2	2	4	1	1	1	1		5	3	84		2	1	2	1	0.526607823
1607	2	1	1	1	1	1	1	123	2	1		1	1										2	9	4	5	1	1	1		4	6	86		2	1	2	1	0.526607823
1609	1	2	2	2	1	2	1	125	8	1		3			3								9	9	2	2	9	9	3	3	3	5	23		2	9	9	2	1.353708401
1610	2	2	2	2	1	1	3	145	5	1		1	2			2					1	1	1	1	4	2	3	2	2		3	3	21		2	1	3	1	1.451631834
1614	2	1	2	1	1	1	2	81	3	1		0	9										1	1	4	2	9	9	2		9	8	88		2	1	2	1	0.607281877
1615	2	2	2	1	1	1	1	77	6	1		0	2					1			8	1	1	1	4	1	3	2	3	2	3	6	76		2	1	2	2	0.699398062
1616	1	2	2	2	2	1	3	75	7	1		2	2			1					1	1	2	1	4	2	2	1	3	2	2	7	59		2	1	4	2	1.487429216
1620	1	1	2	2	2	1	2	103	1	1		4			3								9	9	2	2	2	4	3	3	3	5	25		2	1	1	1	1.110999266
1621	2	1	2	1	1	1	1	161	7	1		1	9	9									9	9	4	1	9	9	4	3	4	6	57		2	1	9	2	1.077004995
1622	2	1	1	1	1	1	3	163	12	1		0	2					5	2		8	3	2	2	4	4	2	1	4	1	5	7	50		2	1	2	1	1.025061685
1624	2	1	1	1	1	1	1	81	3	1		0	1										2	2	4	2	1	1	1		4	6	82		2	1	2	1	0.722140744
1628	2	1	2	1	1	1	3	163	12	1		0	2					1			8	1	1	1	4	9	5	2	3	2	3	8	80		2	2	4	1	0.66566651
1629	1	1	1	2	1	1	3	103	1	1		1	2			9	9				3	9	9	9	4	2	3	9	3	2	3	6	61		2	1	2	1	1.154912486
1630	2	2	2	2	1	1	2	41	1	1		1	2			2					1	1	1	1	4	1	3	2	2		4	4	65		2	1	1	2	0.555924288
1632	2	2	2	1	1	1	2	125	14	1		0	2					2			8	3	1	4	1	2	5	2	3	2	2	3	55		2	2	2	1	1.506431007
1634	2	2	2	1	1	1	2	145	5	1		1	2			99	1				3	1	1	1	4	3	3	1	3	3	3	7	68		2	1	3	1	0.442849112
1641	1	1	1	1	1	1	1	75	7	1		2	1										2	2	4	1	1	1	1		5	7	55		2	1	3	2	0.830922316
1643	2	2	2	2	1	1	1	163	11	1		1	2			1					4	1	1	1	4	1	3	2	3	2	3	7	53		2	1	4	1	0.71974975
1644	2	1	1	1	1	1	1	93	8	1		0	1										2	2	1	1	1	1	1		5	3	75		2	1	2	2	0.699398062
1648	2	1	1	1	1	1	1	161	7	1		0	2					1			8	1	1	1	1	4	2	2	2		2	8	70		2	1	3	2	0.857941839
1649	2	2	1	1	1	1	2	163	12	1		1	1										1	1	4	2	9	1	3	1	4	7	94		9	9	9	2	0.493419799
1650	2	1	1	1	1	1	1	139	2	1		0	2					1			8	1	1	1	4	1	3	2	2		2	5	73		2	1	3	2	0.510023142
1652	1	2	2	2	2	2	3	17	5	1		2	1										2	2	4	1	1	4	1		3	2	18		2	1	3	1	1.60651372
1654	2	1	1	1	1	1	2	45	7	1		0	2					5	2		8	9	9	4	1	9	9	1	2		3	3	73		2	1	3	2	0.762342603
1655	2	2	2	2	1	1	2	163	12	1		1	9	1									2	2	4	9	1	1	1		9	3	73		2	1	1	1	0.660345603
1656	2	2	1	1	1	1	1	93	8	1		9			1								1	1	4	2	3	2	3	2	3	8	79		2	1	3	1	0.557140276
1657	2	1	1	1	1	1	1	139	2	1		0	2					1			8	1	1	1	4	1	2	2	2		3	6	73		2	1	1	2	0.510023142
1658	2	1	1	1	1	1	3	159	6	1		0	9										9	9	4	9	2	3	4	9	2	7	75		9	9	9	1	0.793474606
1660	2	1	1	1	1	1	2	163	14	1		1	2			2					1	2	1	1	4	2	3	2	4	2	1	6	79		2	1	1	1	0.660345603
1663	2	2	2	2	1	2	1	49	5	1		0	9										9	9	4	9	2	9	2		3	8	99	4	2	1	2	2	0.4
1665	2	1	2	1	1	1	1	139	2	1		1	1										2	2	4	1	1	1	1		5	3	71		2	1	3	2	0.510023142
1667	1	1	1	1	1	1	1	145	4	1		0	1										2	2	4	1	1	4	1		5	5	60		2	1	1	1	0.810924831
1668	1	1	2	2	1	1	2	81	2	1		1	2			2					1	1	1	1	4	1	9	2	2		9	3	58		2	1	1	1	0.883906576
1669	2	2	2	1	1	1	1	163	11	1		1	2			1					1	1	1	1	4	1	4	2	3	2	3	6	64		2	1	3	1	0.605822675
1671	2	2	2	2	1	2	2	125	14	1		1	2			2					4	3	1	1	2	2	2	1	2		4	8	68		2	1	4	1	0.509464581
1673	2	1	2	1	1	1	1	139	2	1		2	2			9	1				3	1	1	1	4	1	2	3	2		3	7	69		2	1	9	1	0.406284274
1676	2	2	1	1	1	1	1	161	7	1		0	2					5	1	99	8	1	1	1	4	3	1	3	3	2	4	8	70		2	1	4	2	0.539594023
1680	1	2	2	2	1	1	3	33	1	1		2	1										2	2	3	4	1	1	1		5	3	31		2	4	3	1	1.451631834
1686	2	1	1	1	1	1	1	5	6	1		1	1										2	2	4	1	1	1	1		5	6	91		2	1	9	2	0.699398062
1687	2	1	2	2	2	1	1	155	4	1		4			1								2	2	4	1	1	4	1		5	5	81		2	1	1	1	0.526607823
1690	2	1	2	1	1	1	3	99	9	1		0	1										2	2	4	3	2	1	3	1	3	5	76		2	1	2	1	0.86280768
1691	2	1	1	1	1	1	1	55	1	1		0	1										2	2	4	2	1	1	1		3	7	83		2	1	4	1	0.406284274
1692	2	2	2	1	1	1	1	81	2	1		1	2			1					1	1	1	1	4	9	9	2	3	2	3	7	85		2	1	3	1	0.896676274
1697	2	1	2	1	1	1	3	163	11	1		1	9	9									3	9	4	3	4	1	9	9	9	9	99	9	9	9	9	2	0.759189774
1699	2	2	2	1	1	1	1	99	9	1		2	2			1					1	2	1	1	4	4	4	2	2		1	3	45		9	9	9	2	0.903527536
1700	2	1	2	1	1	1	3	117	4	1		1	1										2	2	4	3	2	1	3	1	4	3	67		2	1	2	1	0.749990538
1704	2	2	2	2	1	2	3	87	10	1		2	9	9									2	1	4	9	2	9	3	3	3	3	68		2	1	2	2	0.726370771
1707	2	1	1	1	1	1	1	125	8	1		0	2					1			8	1	1	1	4	1	9	2	2		3	8	72		2	1	2	1	0.557140276
1709	2	1	1	1	1	1	1	161	7	1		0	1										2	2	4	1	2	1	1		4	7	55		2	1	9	2	0.830922316
1711	2	2	2	2	1	1	2	163	12	1		1	1										2	2	4	1	1	1	1		5	6	77		2	1	9	2	0.639549062
1712	2	1	1	1	1	1	3	163	13	1		2	2			99	1				2	1	4	1	1	4	2	3	3	1	3	8	80		2	1	3	2	0.644702395
1713	2	1	1	1	1	1	1	125	9	1		1	2			99	99				10	1	1	1	4	9	9	2	2		3	9	99	9	9	9	9	2	0.533067091
1715	2	1	1	2	1	1	3	155	4	1		2	2			1					1	1	1	1	1	2	3	2	2		1	8	65		2	1	3	2	0.560403792
1716	2	2	2	1	1	1	1	163	11	1		1	1										2	2	4	1	2	1	1		5	7	79		2	1	9	2	0.452679478
1719	1	2	2	2	1	1	3	3	1	1		1	9	2		1					1	1	1	1	4	1	4	2	3	2	2	8	54		2	1	3	2	0.862967337
1720	2	2	2	1	1	1	1	147	10	1		2	1										2	2	4	1	1	1	3	1	4	7	52		2	1	3	2	0.605934779
1722	1	1	2	2	1	1	1	75	7	1		1	1										2	2	4	9	2	1	3	1	4	8	59		2	1	8	2	0.830922316
1723	2	1	1	1	1	1	3	125	9	1		0	2					99					1	1	4	2	9	2	2		3	8	83		2	1	4	2	0.644702395
1724	2	2	2	2	1	2	1	99	9	1		2	9	9									9	9	4	1	1	9	9	3	3	6	65		2	1	9	2	0.586743248
1730	1	1	2	1	1	1	2	125	14	1		1	2			1					1	1	9	1	4	1	3	2	2		3	5	88		2	1	8	2	0.707785761
1735	1	2	1	1	1	1	2	125	14	1		0	2					1			8	3	1	1	4	2	2	2	2		5	3	69		2	2	8	2	0.753791303
1736	1	2	2	2	2	1	3	5	6	1		1	2			2					1	2	1	1	3	2	3	4	3	2	1	5	21		2	1	4	2	1.927940391
1737	2	1	1	1	1	1	3	99	10	1		1	2			1					1	1	9	1	4	2	3	2	3	3	3	5	84		2	1	4	2	0.726370771
1739	2	1	1	1	1	1	3	145	5	1		0	1										2	2	4	1	1	9	3	3	5	5	99	4	2	1	3	2	0.726370771
1747	1	2	2	2	1	1	3	81	2	1		4			1								2	2	2	1	1	1	1		5	3	60		2	1	1	2	1.237883026
1752	2	1	2	1	1	1	2	105	2	1		1	2			1					1	1	1	1	4	1	3	2	2		3	6	71		2	1	3	2	0.555924288
1753	1	1	1	1	1	1	2	163	12	1		1	1										2	2	4	1	1	1	1		5	3	74		2	1	2	2	0.707785761
1755	1	1	2	1	1	1	2	87	10	1		1	2			1					3	3	1	1	4	4	3	3	2		2	6	70		2	5	2	2	0.61523864
1757	1	2	2	1	2	1	2	163	12	1		0	9										9	1	4	1	3	3	2		3	5	94		2	1	1	2	0.984843355
1763	1	1	1	1	1	1	3	47	1	1		1	2			2					1	2	1	4	3	3	2	3	2		1	8	73		2	1	2	2	0.560403792
1765	1	2	1	1	1	1	2	129	4	1		1	2			1					3	1	1	1	4	3	2	2	2		3	8	65		2	1	3	2	0.428902279
1768	1	1	1	1	1	1	3	99	9	1		1	1										2	2	4	2	1	1	4	1	3	3	63		2	1	3	1	1.328639914
1780	1	2	2	1	2	1	1	143	4	1		0	9										9	9	4	5	2	9	4	3	3	3	80		2	1	9	1	0.526607823
1782	1	2	2	2	1	2	2	75	7	1		1	9	9									1	1	1	2	2	4	3	1	3	3	68		2	1	1	2	0.762342603
1785	1	1	1	1	1	1	3	55	1	1		1	1										2	2	4	1	1	1	1		5	7	81		2	1	3	1	0.578626727
1797	1	1	1	1	1	1	1	99	9	1		0	1										2	2	4	1	1	1	3	1	5	6	99	9	2	1	9	2	0.586743248
1802	1	1	1	1	1	1	1	163	14	1		1	1										2	2	4	1	2	1	1		5	8	80		2	1	3	1	0.467399486
1810	1	1	2	2	1	2	3	137	1	1		2	2			2					1	1	1	1	4	1	2	1	3	2	3	6	62		2	1	4	1	1.405914983
1821	1	1	1	1	1	1	1	145	5	1		0	1										4	1	2	4	9	4	3	9	3	7	79		2	1	9	2	0.4
1828	1	1	2	2	1	1	1	43	1	1		1	1										2	2	4	1	1	1	4	1	5	3	75		2	1	1	2	0.510023142
1833	1	2	2	2	1	1	3	81	3	1		4			1								4	1	4	4	3	2	2		3	6	71		2	1	3	2	0.996076978
1853	2	2	2	2	2	2	3	125	9	3	1	4			1								2	2	4	2	1	3	4	1	4	8	28		2	1	4	1	1.425887831
1864	1	2	2	2	1	1	3	37	4	2	1	1	2			99	99				10	1	1	1	4	2	3	2	2		3	3	45		2	1	1	1	1.655241821
1875	2	1	1	1	1	1	2	163	13	1		1	2			1					1	1	1	1	4	1	4	2	2		2	7	56		2	2	3	2	0.895544396
1879	2	1	1	1	1	1	2	163	13	1		0	2					1			8	1	1	1	4	1	4	2	3	2	2	6	61		2	2	1	1	1.19851049
1881	2	1	2	2	1	1	2	163	13	1		0	2					99					1	1	4	1	3	2	2		4	6	63		2	2	9	2	1.458988343
1882	1	2	2	2	2	2	3	27	6	1		3			2								1	1	3	3	3	4	3	3	3	5	19		2	1	8	1	2.203022747
1883	2	2	2	2	2	2	3	125	14	1		1	1										1	1	4	2	1	3	2		5	7	38		1	5	1	1	1.425887831
1886	2	1	1	2	1	2	2	163	14	1		0	2					1			8	2	2	2	3	5	1	3	4	3	5	7	44		2	2	2	2	1.125627067
1894	2	2	2	2	2	1	3	163	12	1		0	9										1	1	1	1	1	4	2		3	6	29		2	1	1	2	1.789967858
1895	1	1	2	1	1	1	2	81	3	1		1	2			1					1	1	1	1	4	2	3	2	2		2	5	62		2	1	1	1	1.34143262
1903	2	2	2	1	1	1	2	125	14	1		1	2			99	2				3	1	1	1	4	2	3	2	2		1	6	34		2	2	3	2	1.458988343
1911	2	1	2	2	1	1	1	81	3	1		1	9	1									1	4	4	2	1	1	1		4	8	45		2	1	4	2	1.190893149
1912	1	1	2	1	1	1	2	163	14	1		1	2			1					1	2	1	1	4	1	3	2	2		3	7	54		2	1	4	1	0.924665268
1914	2	1	1	1	1	1	3	161	7	1		1	2			1					1	1	2	1	4	1	3	3	1		5	8	40		2	1	4	2	1.696060245
1915	1	1	1	1	1	1	2	163	14	1		2	9	9									9	9	4	1	9	3	4	9	9	8	60		2	2	4	2	0.895544396
1916	2	2	2	1	1	1	3	93	8	1		2	2			1					1	1	1	3	4	1	2	4	2		2	7	81		2	1	4	1	1.751211896
1917	2	1	1	2	1	1	1	3	1	1		1	1										2	2	4	1	1	1	1		5	7	44		2	1	3	1	0.896676274
1920	2	2	2	2	1	1	1	113	4	1		2	1										2	2	4	1	1	1	1		4	3	35		2	1	3	2	1.125629713
1921	2	1	1	1	1	1	2	125	14	1		1	1										2	2	4	1	2	1	3	1	5	3	47		2	1	4	1	1.457393932
1922	1	2	2	2	2	2	3	99	9	1		2	9	9									1	1	2	3	4	4	3	3	3	6	18		9	9	8	1	1.848173152
1927	1	2	2	2	2	2	3	165	4	1		1	1										2	2	3	5	2	4	1		4	2	18		2	1	8	2	1.555919109
1928	2	1	1	1	1	1	1	163	11	1		1	2			1					3	1	1	1	4	3	2	2	1		3	8	46		2	1	4	1	1.031558582
1931	1	1	2	1	1	2	2	163	14	1		1	2			99	99				10	1	9	9	4	1	9	9	9	9	9	6	59		9	9	9	2	1.160765296
1932	2	1	2	2	1	1	3	93	8	1		3			1								2	2	4	2	2	1	1		2	7	44		2	1	4	2	1.696060245
1933	2	2	2	2	1	1	3	81	3	1		1	2			99	99				10	1	1	1	4	3	3	2	2		2	5	47		2	1	3	2	2.198358763
1934	1	2	2	2	2	2	3	17	5	1		2	1										2	2	3	2	2	4	1		4	3	19		2	1	4	1	1.60651372
1939	2	2	2	2	2	2	3	157	10	1		1	1										2	2	4	1	1	1	3	1	4	7	47		2	1	4	1	1.413292686
1941	2	1	1	1	1	1	2	99	9	1		1	2			2					1	3	1	3	4	4	3	2	3	2	1	7	38		2	1	1	2	1.088985854
1947	1	1	1	1	1	1	1	81	3	1		1	2			4					3	1	1	1	4	3	2	2	2		2	7	42		2	1	4	2	1.190893149
1949	1	2	2	1	1	1	3	55	1	1		1	2			2					1	2	1	1	4	3	5	2	2		1	3	36		2	1	1	1	1.655241821
1950	1	2	2	1	1	1	3	55	1	1		1	2			2					1	2	1	1	4	1	3	2	3	2	1	3	40		2	1	2	2	1.603112595
1951	2	2	1	1	1	1	1	63	10	1		1	2			1					1	2	3	1	4	2	2	2	2		3	5	46		2	1	2	1	1.162232385
1953	1	1	2	1	1	1	1	99	9	1		1	1										2	2	4	1	1	1	4	1	5	7	49		2	1	9	2	0.999071274
1964	2	2	2	2	2	2	3	49	5	1		2	2			2					3	1	1	1	4	1	4	2	2		5	6	21		2	2	3	1	1.60651372
1976	2	1	2	1	1	1	2	163	14	1		1	2			1					1	1	1	1	4	3	2	2	2		1	7	57		2	2	3	2	0.895544396
1981	2	1	2	1	1	1	2	125	14	1		1	2			1					1	2	1	1	4	1	2	2	2		3	6	47		2	2	3	2	1.663630174
1982	2	2	1	1	1	1	3	141	1	1		4			1								2	2	1	1	1	3	3	1	9	6	41		2	1	1	2	1.774156724
1985	2	1	2	1	1	1	3	111	4	1		2	2			99	99				10	3	9	9	4	2	3	3	2		3	7	38		2	1	4	2	1.457753148
1986	2	1	2	2	1	1	2	163	13	1		1	2			1					1	2	1	1	1	2	1	2	2		3	3	33		2	2	2	2	1.458988343
1987	2	1	2	1	1	1	2	99	9	1		1	2			2					4	3	2	2	4	2	2	1	4	1	4	7	61		2	1	4	1	0.840887351
1988	2	2	2	2	2	2	3	163	13	1		1	2			2					1	3	1	1	3	1	3	4	2		1	5	18		2	1	3	2	1.789967858
1990	1	1	1	1	1	1	2	163	14	1		1	2			1					1	1	1	1	4	2	9	2	2		1	7	51		2	1	3	2	0.895544396
1991	2	2	2	2	2	2	3	99	10	1		3			1								2	2	4	2	1	4	3	1	3	8	39		2	1	4	1	1.413292686
1992	2	2	2	2	2	2	3	109	1	3	2				4								4	4	4	4	9	4	4	3	9	6	41		2	1	4	1	1.60651372
1998	2	2	2	2	2	2	3	81	3	1		2	2			99	2				2	3	1	1	4	2	2	4	3	2	1	7	37		2	4	3	1	1.938057483
1999	2	2	2	2	1	1	2	163	13	1		1	9	9									1	1	3	4	2	2	3	2	2	5	40		2	2	2	2	1.562095164
2002	2	2	2	2	1	2	3	111	4	1		4			2								3	1	3	3	2	3	3	3	4	5	21		2	1	9	1	1.831847878
2003	1	2	2	2	2	2	3	77	6	1		3			1								2	2	4	1	2	4	1		3	3	18		2	1	4	1	2.203022747
2004	1	2	2	2	2	2	3	163	11	1		1	1										2	2	4	1	2	4	1		4	2	18		2	1	4	2	1.789967858
2009	2	2	2	2	1	1	3	37	4	1		3			3								2	2	3	2	2	1	1		4	3	27		2	1	3	2	1.555919109
2013	1	2	2	2	2	2	3	111	4	1		0	2					2			8	2	1	1	4	2	3	4	3	2	3	3	18		2	1	4	2	1.555919109
2017	1	2	2	2	2	2	3	161	12	1		1	2			1					1	2	1	1	4	1	3	4	2		3	5	18		2	1	8	1	1.848173152
2023	2	1	1	1	1	1	3	81	2	1		1	2			2					1	2	1	1	4	2	2	2	2		2	3	34		2	2	4	1	1.831847878
2024	1	1	2	1	1	1	1	111	4	1		2	1										2	2	4	1	1	1	1		5	8	58		2	1	4	1	0.625638267
2025	1	2	1	1	1	1	2	121	2	1		0	2					2			8	2	1	1	4	2	3	2	2		1	7	38		2	1	2	2	0.946594595
2032	2	2	2	2	2	2	3	147	10	1		1	1										2	2	1	2	1	4	1		4	3	32		2	1	3	1	1.60651372
2036	2	2	2	2	2	2	3	125	11	1		1	9	1									2	2	4	2	1	1	3	1	3	7	45		2	1	4	1	1.625886891
2045	1	1	1	1	1	1	1	77	6	1		4			1								2	2	4	1	1	1	1		5	5	58		2	1	4	1	1.230674203
2046	2	1	1	1	1	1	3	37	4	1		0	1										2	2	4	1	1	1	3	1	5	6	58		2	1	4	1	1.278135896
2048	2	2	2	1	1	1	3	161	12	1		1	2			1					1	2	1	1	4	1	4	2	2		2	8	55		2	2	4	1	1.098703559
2050	2	1	1	1	1	1	1	139	2	1		1	2			2					2	1	1	1	4	4	2	2	3	2	3	5	59		2	2	2	1	0.897446471
2052	2	1	1	2	1	1	2	125	11	1		1	2			1					1	1	3	1	3	1	4	3	2		9	8	49		2	2	4	2	0.840887351
2057	1	2	2	1	1	2	1	75	7	1		2	1										2	2	4	1	1	1	1		5	6	42		2	9	9	1	1.54358337
2062	1	1	2	1	1	1	3	161	7	1		1	1										2	2	4	1	1	1	3	1	5	7	58		1	1	4	1	1.352241563
2065	1	2	2	2	1	1	3	81	2	1		4			1								9	9	2	2	1	9	3	3	4	5	44		2	1	2	1	1.655241821
2071	2	1	1	1	1	1	2	21	6	1		1	2			2					1	1	1	1	4	4	2	2	2		1	6	37		2	2	3	2	1.983047484
2075	1	1	2	2	1	1	1	25	3	1		1	1										2	2	3	3	2	1	4	1	3	7	39		2	1	4	1	1.229618026
2076	1	1	2	2	1	1	1	147	10	1		4			1								2	2	4	2	2	1	1		5	8	45		2	1	4	2	0.868436871
2077	2	2	1	1	1	1	2	121	2	1		0	2					1			8	1	1	1	4	1	4	2	2		3	3	63		2	1	2	2	1.008988455
2078	2	2	2	1	1	1	3	163	13	1		2	2			99	99				10	1	1	1	4	1	9	2	3	2	5	3	54		2	2	1	1	1.565974014
2080	2	2	2	2	1	2	2	147	10	1		1	1										2	2	1	1	1	1	1		1	3	48		2	2	4	1	1.041798245
2081	2	1	2	2	1	1	2	161	7	1		1	1										2	2	4	1	1	1	3	1	5	8	59		1	1	4	1	1.034931412
2086	1	2	2	2	2	2	3	135	1	1		3			3								1	1	2	2	4	4	9	9	9	3	21		2	1	4	1	1.60651372
2089	1	1	1	1	1	1	2	99	9	1		1	2			2					1	9	1	1	1	2	9	2	2		3	5	51		2	1	8	2	1.089921235
2091	1	2	2	2	1	2	1	51	4	1		4			2								1	1	4	1	3	2	1		3	3	63		2	1	1	2	0.785386035
2092	1	1	1	1	1	1	3	65	8	1		1	2			2					1	3	1	1	2	2	4	4	2		1	8	63		2	1	3	2	1.183392741
2095	2	2	2	2	2	2	3	163	12	1		1	1										2	2	4	1	1	4	3	1	5	2	37		2	1	3	1	2.107403145
2099	1	1	1	2	1	1	3	25	3	1		1	2			1					1	1	4	1	1	4	3	2	3	2	3	7	55		2	1	4	2	1.183392741
2101	2	1	1	1	1	1	2	163	13	1		0	2					2			8	1	1	1	4	2	2	2	9	9	9	9	99	9	9	9	8	2	1.511438779
2105	1	1	2	2	1	1	1	21	6	1		1	1										2	2	3	1	1	1	1		3	3	59		2	1	2	2	1.077004995
2108	1	2	2	2	1	2	2	61	1	1		4			2								2	2	4	2	2	1	1		4	3	58		2	1	2	2	0.856069335
2118	1	1	2	2	1	1	1	147	10	1		1	9	9									9	9	4	5	4	9	4	9	2	8	44		2	1	4	2	0.96109476
2121	1	1	1	1	1	1	1	61	1	1		1	2			2					1	3	2	2	4	1	2	1	3	1	3	8	54		2	1	4	2	0.605934779
2122	2	1	2	2	1	2	3	99	9	1		1	1										2	2	4	1	1	1	1		4	7	34		2	1	4	1	1.625886891
2123	1	2	1	1	1	1	2	17	5	3	2				4								4	4	1	4	1	4	4	3	1	7	58		2	1	3	2	0.660467796
2124	1	2	2	1	1	1	2	81	2	1		1	2			99	1				3	2	1	1	4	5	3	2	2		2	7	57		2	1	2	2	0.660467796
2125	1	1	1	1	1	1	3	139	2	1		1	2			99	2				3	2	1	1	4	2	3	2	2		2	7	54		2	1	4	2	0.862967337
2129	2	2	2	2	2	1	1	65	8	1		1	1										2	2	4	1	1	4	1		4	5	52		1	1	3	1	1.230674203
2130	1	2	2	1	1	2	2	125	11	1		0	2					2			8	1	1	1	1	5	9	2	2		5	2	69		2	2	2	2	0.984843355
2134	1	2	2	1	1	2	1	81	3	1		4			2								9	9	4	3	9	2	3	3	3	8	51		2	1	4	2	0.830922316
2136	1	1	1	1	1	1	1	9	1	1		2	1										2	2	4	1	1	1	1		5	6	62		2	1	2	2	0.785386035
2142	2	1	2	2	2	2	3	163	14	1		1	2			1					1	1	1	1	4	4	4	2	2		5	6	45		2	2	3	2	2.173699475
2144	1	2	2	1	1	1	1	99	10	1		1	2			1					1	1	9	1	4	4	2	2	3	3	3	6	59		2	1	9	2	0.785386035
2147	2	2	2	2	1	2	2	163	13	1		1	2			1					3	1	1	1	1	3	3	2	2		2	3	39		2	2	3	1	1.160765296
2150	1	2	2	2	1	1	3	163	11	1		2	9	2		1					1	2	2	1	3	1	2	1	1		3	7	37		2	1	4	1	1.469137263
2152	1	2	2	2	1	1	1	91	7	1		1	2			1					1	1	9	1	4	2	3	2	3	3	3	7	65		2	1	3	2	0.830922316
2153	2	1	1	1	1	2	1	79	1	1		1	2			1					1	1	1	1	1	1	4	2	2		3	5	81		2	1	4	1	0.897446471
2156	2	2	2	2	1	2	3	19	1	1		4			1								2	2	4	1	1	1	1		2	6	46		2	1	3	1	1.831847878
2158	1	2	2	2	1	2	2	47	1	1		1	2			99	1				3	3	9	1	4	2	2	4	2		2	7	59		2	1	3	2	0.660467796
2167	1	1	2	1	1	1	1	93	8	1		2	2			1					4	2	1	1	4	3	3	2	2		2	7	51		2	1	3	2	0.830922316
2169	2	2	2	2	1	2	3	81	3	1		4			4								1	1	1	4	1	4	2		3	3	34		2	1	2	1	2.512024949
2171	1	2	2	1	1	1	1	117	4	1		2	1										2	2	4	1	1	1	1		3	3	51		2	1	9	2	0.785386035
2177	1	2	2	2	1	1	2	163	13	1		1	2			1					1	1	4	1	1	1	4	2	2		1	5	49		2	1	9	2	0.984843355
2178	1	1	2	1	1	1	1	159	6	1		4			1								2	2	4	2	2	1	1		3	7	62		2	1	3	2	0.830922316
2184	2	1	2	1	1	1	2	125	14	1		0	2					99					9	9	4	2	9	9	2		9	5	42		2	2	9	2	1.663630174
2185	1	1	2	2	1	1	2	161	12	1		2	1										2	2	4	1	1	1	1		5	7	60		2	1	4	2	0.759818502
2191	1	1	1	1	1	1	1	113	4	1		1	1										2	2	4	2	9	1	3	1	4	3	44		2	1	3	2	1.125629713
2192	1	1	1	1	1	1	1	75	7	1		3			1								2	2	4	3	2	1	1		5	7	61		2	1	2	2	0.830922316
2194	1	2	2	2	1	1	2	115	7	1		1	1										2	2	4	2	2	9	4	1	4	9	99	9	2	9	9	2	1.066540263
2195	1	1	1	2	1	1	1	41	1	1		1	1										2	2	4	2	2	1	3	1	5	5	59		2	1	3	2	0.785386035
2196	2	2	2	2	1	1	2	163	13	1		0	2					5	2		8	1	1	1	4	4	2	3	2		2	6	49		2	2	3	2	1.663630174
2197	1	2	2	2	1	1	1	99	10	1		4			1								2	2	4	1	1	1	1		5	2	63		2	1	9	1	0.785386035
2198	2	2	2	2	1	1	2	163	14	1		3			1								1	1	1	2	4	4	2		5	3	51		9	9	8	2	1.160765296
2203	2	2	2	2	2	1	3	125	14	1		4			4								2	2	1	4	2	4	1		4	6	51		2	1	2	1	1.470399174
2205	1	1	2	1	1	1	1	161	12	1		1	1										2	2	4	1	1	1	1		5	7	54		2	1	9	2	0.697082369
2208	1	2	2	2	1	1	1	89	1	1		4			1								2	2	4	5	2	1	1		3	7	61		2	1	3	2	0.605934779
2211	1	2	2	2	1	1	3	51	4	1		1	2			1					1	1	1	1	4	1	4	3	4	2	4	5	63		2	1	3	2	1.118540343
2212	1	1	2	1	1	1	2	125	9	1		0	2					1			8	3	1	1	4	2	9	2	2		2	7	50		2	1	3	2	0.759818502
2213	2	1	2	1	1	1	3	125	11	1		1	9	9									2	2	4	1	2	1	3	1	5	6	62		2	1	4	1	1.470399174
2214	2	2	1	1	1	1	3	163	13	1		4			2								1	1	1	4	2	2	2		4	6	54		2	2	2	2	1.424091276
2215	1	2	2	2	2	1	3	125	8	1		2	1										2	2	1	1	1	4	1		4	5	59		2	1	1	2	1.533861671
2218	1	1	2	1	1	1	1	25	3	1		1	1										2	2	4	2	2	3	1		5	3	60		2	1	3	2	1.077004995
2222	1	2	2	2	1	1	1	81	3	1		4			1								9	1	4	2	3	2	3	2	3	5	60		2	1	4	2	1.077004995
2223	2	1	2	2	1	1	2	163	14	1		1	2			99	99				10	1	1	1	4	2	3	2	2		2	3	39		2	2	2	2	1.663630174
2229	2	2	2	2	1	1	2	163	14	1		1	9	2		1					1	2	4	1	2	1	2	2	4	2	3	2	51		2	1	1	1	1.19851049
2231	2	1	1	1	1	1	2	163	13	1		1	2			1					4	1	1	1	4	3	2	2	2		3	6	53		2	2	3	2	1.160765296
2232	1	1	1	1	1	1	1	163	13	1		1	2			2					1	1	1	1	4	3	3	2	3	2	3	8	60		2	1	3	2	0.697082369
2233	2	2	2	2	1	1	3	99	9	1		3			2								1	1	4	1	2	2	2		1	3	37		2	3	2	1	2.107403145
2234	1	2	1	1	1	1	1	125	8	1		1	1										2	2	4	1	2	2	1		3	7	60		2	1	4	2	0.830922316
2235	1	1	2	2	1	1	1	33	1	1		2	9	1									1	1	4	5	3	1	1		5	5	63		2	1	1	2	0.785386035
2237	1	2	2	2	1	1	1	155	4	1		2	1										2	2	4	1	2	1	1		3	3	57		2	1	3	2	0.785386035
2243	1	2	1	1	1	1	1	65	8	1		1	2			99	2				3	2	1	1	4	2	3	2	2		3	7	56		2	1	4	2	0.830922316
2247	1	2	2	1	1	1	3	163	12	1		4			1								9	9	9	4	2	1	4	9	9	9	99	9	2	1	9	2	1.169078416
2249	1	2	1	2	1	1	1	79	1	1		1	2			3					3	3	2	1	4	3	2	4	3	1	3	3	64		2	1	1	1	0.785386035
2250	1	1	2	1	1	2	1	77	6	1		1	2			99	99				10	1	1	1	4	4	4	2	4	3	3	7	52		2	1	3	2	0.830922316
2252	1	1	1	1	1	1	2	99	9	1		1	2			1					1	2	1	1	4	1	3	2	2		2	8	54		2	2	3	2	0.759818502
2253	2	1	1	1	1	2	2	125	14	1		1	9	2		9	2				3	3	1	1	4	2	2	2	2		3	8	61		2	2	4	2	0.895544396
2265	2	1	1	1	1	1	1	115	7	1		4			1								1	1	4	5	3	2	2		2	3	41		2	1	4	1	1.593776854
2269	1	2	2	2	2	2	3	129	4	2	1	4			2								2	2	4	5	1	1	3	1	3	5	43		2	1	1	1	1.831847878
2270	2	2	2	2	2	1	3	163	14	1		1	1										1	1	4	4	1	3	4	1	3	7	42		2	1	4	1	1.469137263
2271	1	2	2	2	1	1	1	77	6	1		1	1										2	2	4	3	2	1	3	1	3	5	46		1	1	2	1	1.593776854
2272	1	2	2	2	1	1	1	25	3	3	2				1								1	1	4	5	5	2	3	2	3	6	48		2	1	4	1	1.593776854
2274	2	1	2	2	1	1	1	99	9	1		2	2			99	1				3	3	2	1	4	1	2	2	3	2	3	3	43		2	2	3	1	1.337060906
2275	1	1	2	2	1	1	3	77	6	1		2	2			1					3	1	1	1	4	4	2	2	2		3	7	42		2	2	4	1	1.751211896
2276	1	1	1	1	1	1	1	147	10	1		2	1										4	1	1	3	2	3	1		3	8	45		2	1	4	2	0.868436871
2279	2	1	2	1	1	1	2	163	11	1		1	2			9	1				2	2	1	1	4	2	3	2	2		2	7	43		2	1	4	1	1.12439696
2283	1	2	2	2	1	1	1	151	10	1		4			3								9	9	9	9	9	1	9	9	2	9	99	2	2	1	9	2	1.02265541
2287	1	1	2	1	1	1	2	161	7	2	1	1	2			99	1				3	2	1	1	4	1	2	3	3	2	1	7	47		2	1	2	1	1.340281389
2288	1	1	2	2	2	1	1	37	4	1		2	1										2	2	4	1	2	1	3	1	5	7	46		2	1	9	1	0.896676274
2292	2	1	1	1	2	1	2	163	13	1		1	9	9									2	2	4	5	9	9	3	3	3	3	41		2	1	1	2	1.411495613
2296	2	2	2	2	1	1	1	81	2	1		1	1										2	2	4	1	2	1	1		4	4	85		2	1	2	1	1.162232385
2299	2	2	2	2	1	2	3	145	5	1		3			1								9	9	2	3	2	2	4	2	3	6	38		2	1	4	2	1.603112595
2301	2	1	2	1	1	2	1	75	7	1		2	2			1					3	2	3	1	4	2	3	3	3	2	3	6	40		2	1	3	1	1.593776854
2303	2	2	2	2	2	1	3	47	1	2	1	3			1								1	9	2	3	2	4	4	3	3	6	37		2	9	2	1	1.655241821
2304	2	2	2	2	1	2	3	7	1	1		3			1								3	1	1	2	2	3	4	2	2	7	34		2	1	4	2	1.236820662
2305	2	1	1	1	1	1	1	29	1	1		1	2			2					1	1	1	1	4	1	3	2	3	2	2	6	46		2	1	3	2	1.125629713
2315	2	2	2	2	1	1	1	107	4	1		2	1										2	2	4	1	1	1	4	1	5	6	39		2	1	2	1	1.162232385
2318	2	1	1	1	1	1	1	139	2	1		2	2			2					1	3	2	2	4	1	1	1	1		5	7	48		2	1	4	1	0.896676274
2320	2	2	1	2	1	1	1	75	7	1		4			1								2	2	4	2	1	1	1		4	7	43		2	1	2	2	1.190893149
2325	2	2	2	2	1	1	2	163	13	1		1	1										2	2	4	1	1	1	1		4	6	40		2	1	3	1	1.457393932
2326	2	1	1	1	1	1	1	49	5	1		1	2			2					1	2	1	1	4	2	3	2	2		2	7	39		2	1	1	2	0.868436871
2328	2	2	2	2	1	1	1	137	1	1		4			1								1	9	4	2	3	2	3	2	3	3	32		2	1	1	1	1.162232385
2329	2	1	2	2	1	1	3	53	1	1		4			1								2	2	4	4	2	1	3	1	3	8	41		2	1	3	2	1.236820662
2330	2	2	2	2	1	1	1	99	9	1		1	1										2	2	3	1	2	1	1		4	6	41		2	1	3	1	1.337060906
2331	2	1	1	1	1	1	1	73	4	1		2	1										2	2	1	1	1	1	3	1	5	5	40		2	1	3	1	1.162232385
2338	2	1	2	2	1	1	1	77	6	1		1	9	1									2	2	4	1	1	1	1		4	7	39		2	1	4	1	1.229618026
2339	2	2	2	2	1	2	3	99	10	1		2	9	9									1	1	4	9	3	9	3	3	2	6	35		2	1	3	1	1.655241821
2341	2	1	2	1	1	1	1	121	2	1		1	1										2	2	4	1	2	1	1		5	5	59		2	1	3	1	1.162232385
2344	2	2	2	2	1	2	1	125	11	1		1	9	9									2	2	4	1	1	1	1		4	7	99	9	2	9	3	2	0.999071274
2345	2	2	2	2	1	2	1	157	10	1		1	9	9									2	2	1	1	1	1	4	3	5	3	40		2	1	2	1	1.162232385
2347	2	2	2	2	1	1	3	125	11	1		2	2			2					1	9	2	2	4	1	1	1	3	1	3	7	45		2	1	3	2	1.422869106
2350	2	2	2	2	2	1	3	125	8	1		1	1										2	2	4	1	1	4	3	1	3	3	39		2	1	4	1	2.26984391
2351	2	1	2	1	1	1	2	125	8	1		0	2					2			8	2	1	3	4	1	4	3	3	3	2	6	34		2	1	3	1	1.737213843
2354	2	2	2	2	1	1	2	125	11	1		4			4								9	9	2	5	3	4	3	9	5	5	56		2	1	1	1	1.457393932
2355	2	1	2	2	1	2	2	163	12	1		1	2			2					1	1	1	9	4	2	2	1	4	1	4	8	64		2	1	2	1	1.12439696
2357	2	2	1	2	1	1	1	91	7	1		4			1								2	2	4	1	1	1	1		4	6	40		2	1	4	1	1.593776854
2358	2	1	1	1	1	1	3	57	4	1		2	9	9									9	9	4	2	9	9	4	3	3	7	41		2	1	3	1	1.277038987
2359	2	2	2	2	1	1	3	57	4	1		1	2			99	1				1	2	1	1	4	2	2	2	4	2	3	5	43		2	1	2	1	1.655241821
2362	2	2	2	1	1	1	1	125	11	1		1	2			2					1	2	1	1	4	4	3	2	2		2	8	37		2	1	4	1	1.031558582
2367	2	2	2	2	1	1	3	115	7	3	2				1								2	2	4	1	1	1	4	1	4	8	42		2	1	4	1	1.751211896
2369	2	2	2	1	1	1	2	163	13	1		1	2			1					1	1	1	1	4	2	2	2	4	2	3	6	99	9	9	9	3	2	1.160765296
2370	2	2	2	2	1	1	3	117	4	1		1	9	9									2	2	4	1	1	1	1		3	5	39		2	1	3	2	1.603112595
2375	2	2	2	2	1	2	3	59	7	1		4			3								2	2	1	3	2	4	4	1	2	3	38		2	1	3	2	2.198358763
2376	2	2	2	2	1	1	3	125	8	1		1	2			1					1	2	1	1	4	1	3	2	3	2	3	8	43		2	1	4	1	1.751211896
2381	2	2	2	2	1	1	2	163	13	1		2	2			9	2				4	2	1	3	4	1	3	3	3	2	4	3	31		2	2	1	1	1.506431007
2382	2	1	2	1	1	1	2	161	12	1		2	2			9	1				2	3	1	1	4	3	5	3	4	3	3	7	48		2	1	4	2	1.088985854
2384	2	2	2	2	1	2	1	49	5	1		0	1										2	2	4	1	2	1	3	1	4	6	46		2	1	9	2	1.125629713
2385	2	2	2	2	1	2	3	49	5	1		1	1										2	2	1	1	1	1	1		3	6	70		2	1	3	1	1.655241821
2393	2	1	2	1	1	1	2	31	1	1		4			2								2	2	2	4	2	1	3	1	3	3	47		2	4	1	2	1.226934319
2396	2	1	2	2	1	1	2	125	14	1		2	2			1					1	2	1	1	4	2	3	2	2		3	8	46		2	2	4	2	1.125627067
2397	2	2	2	2	1	2	1	49	5	1		1	1										2	2	4	1	1	1	1		3	5	46		2	1	2	1	1.162232385
2398	2	2	2	2	1	2	2	163	13	1		2	1										2	2	4	1	1	1	1		1	6	40		2	1	4	1	1.457393932
2400	2	1	1	1	1	1	2	163	14	1		1	2			1					1	2	1	1	4	1	3	2	2		3	7	62		2	2	4	2	0.895544396
2401	2	2	1	2	1	1	1	15	3	1		4			1								9	9	4	2	2	3	3	3	3	8	45		2	1	4	1	1.229618026
2403	2	2	2	2	1	1	3	93	8	1		2	2			1					1	1	1	1	4	3	2	2	2		3	7	47		2	1	4	1	1.751211896
2409	2	1	2	1	1	1	3	161	12	1		1	2			2					1	3	1	1	4	3	2	2	2		1	8	33		2	1	3	1	1.469137263
2410	2	1	2	2	1	1	2	163	11	1		0	1										2	2	4	1	1	1	4	1	2	7	40		2	1	4	1	1.12439696
2411	2	1	1	1	1	1	2	145	5	1		1	2			1					1	3	1	1	4	1	4	2	2		3	7	49		2	1	3	1	0.977375491
2412	2	1	2	2	1	1	1	25	3	1		1	1										2	2	4	1	1	1	1		5	3	44		2	1	3	1	1.593776854
2414	2	2	2	2	2	1	2	163	13	1		3			2								1	1	1	5	9	4	2		9	6	45		2	1	3	2	1.411495613
2415	2	2	2	2	1	2	1	61	1	1		4			1								2	2	4	1	1	1	1		5	7	56		2	1	4	1	0.896676274
2417	2	1	1	1	1	1	2	163	14	3	2				4								9	9	4	9	3	4	3	9	5	6	68		2	3	4	2	1.160765296
2420	2	1	2	2	1	1	2	163	13	1		1	2			1					1	2	1	1	4	1	3	2	2		5	5	53		2	2	3	2	1.160765296
2421	2	1	2	1	1	1	2	145	5	1		1	2			1					1	1	4	1	4	1	4	2	2		5	7	61		9	2	3	1	0.803759885
2425	2	2	2	2	1	2	2	163	13	1		0	2					2			8	1	1	1	4	1	4	2	2		5	3	63		2	2	1	1	1.717727281
2426	2	2	2	2	2	1	2	163	13	1		1	2			99	1				4	1	1	1	4	1	4	2	2		3	7	50		2	2	4	1	0.924665268
2427	2	2	2	2	1	2	2	163	14	1		1	1										2	2	4	1	1	1	1		3	3	55		2	2	2	2	1.160765296
2428	2	2	2	2	2	1	3	163	13	1		2	2			9	1				4	1	1	1	4	1	3	4	2		1	5	20		2	2	2	2	1.906314423
2429	2	1	1	1	1	1	2	163	13	1		1	2			1					1	2	4	1	4	1	4	2	2		2	7	71		2	2	2	2	0.895544396
2439	2	2	2	2	1	1	3	163	14	1		2	2			99	1				3	1	1	1	4	1	3	2	2		4	6	26		2	2	1	2	1.906314423
2441	2	2	2	2	1	1	2	163	13	1		2	2			1					3	1	1	1	4	1	4	2	2		3	3	31		2	2	1	2	1.458988343
2444	2	2	2	2	2	1	2	21	6	2	1	1	2			1					3	2	1	1	2	2	3	2	2		2	6	27		2	2	3	2	1.739114382
2448	2	1	2	2	1	1	2	163	14	1		2	9	9									9	9	4	9	9	9	9	9	9	8	99	2	9	9	9	2	0.895544396
2449	2	1	2	2	2	1	3	163	14	1		1	2			5					1	1	1	1	4	2	4	2	2		4	5	67		2	2	4	2	1.906314423
2451	2	2	2	1	2	1	3	163	13	1		0	2					1			8	1	1	1	4	2	9	2	2		3	6	46		2	2	2	2	1.906314423
2453	2	2	2	2	1	1	2	125	14	1		1	2			1					1	1	1	1	4	1	4	2	2		2	5	31		2	2	1	2	1.458988343
2457	2	1	2	1	1	1	2	163	13	1		1	2			2					1	2	1	1	4	2	9	2	2		3	3	37		2	2	1	2	1.663630174
