RESPID	PHTYPE	Q1	Q2	Q3	Q4	Q5	Q6	Q7	Q8A	Q8B	Q8C	Q8D	Q9	Q10	Q11	Q12	QD1	Q13	Q14	Q14A	Q14B	Q15	Q16	Q17	Q18	Q19	Q20	Q21	Q22	Q23	Q24	Q25	Q26	Q27	Q27A_1	Q27A_2	Q27A_3	QD2	QD2A	QD2B	QD3	QD4	QD5	QD5A	QD6	QD7	QD8	QD9	QD10	QD11	FINALWGT
2	2	2	2	20	2	3	3	1	2	1	2	2	2	1	3	1	1	2	2	1		4	0	4	3	4	3	3	2	3	2	1	2	3				3	2		2	8	32		2	2	1	1	1	1	0.472227813
5	2	1	2	9	2	2	3	2	3	2	2	2	1	2	1	1	2																					3	1		4	8	35		1	2	1	4	1	9	0.48258571
6	1	2	2	1	1	3	3	1	1	1	2	2	2	2	1	1	1	1	2	1		4	0	4	1	4	1	1	1	3	2	1	1	2	21			3	2		2	5	80		2	2	9	9	1	36	1.056400742
11	2	2	2	13	1	3	3	3	2	1	2	2	2	1	1	2	1	1	2	1		4	0	4	1	4	2	3	1	1	2	1	1	2	21			2		1	2	7	63		2	2	1	2	1	9	0.520190971675
12	2	2	2	20	2	4	3	1	2	1	2	1	2	1	2	2	1	1	2	2		4	2	4	2	4	2	2	1	2	1	1	2	4				3	2		1	7	47		1	2	1	9	1	25	0.48258571
13	2	1	1	1	2	1	1	2	1	2	1	2	1	2	2	1	1	1	1	1		0	4	1	4	1	4	1	1	1	4	2	2	2	2			1		1	5	6	67		2	2	1	2	1	37	0.746675369160003
14	2	1	1	20	1	2	1	3	1	1	1	1	3	1	1	1	1	1	1	1		0	4	1	4	1	4	2	1	3	3	1	2	4				1		1	3	5	43		1	2	1	3	2	28	0.879224580219998
22	2	2	2	20	1	4	3	1	2	1	2	2	2	1	3	2	1	1	2	1		4	0	4	2	4	2	2	1	1	1	1	1	2	21	22	11	2		1	3	5	58		2	2	5	1	2	17	2.6736756328
23	1	2	2	20	1	4	3	1	2	1	2	2	2	1	1	2	1	1	2	1		4	0	4	1	4	2	2	1	3	4	1	2	2	99			3	2		3	4	73		2	2	1	2	1	36	1.239014091
25	2	1	1	10	2	2	1	1	1	1	2	3	3	2	1	1	1	1	1	1		0	4	1	4	1	4	2	1	3	4	3	2	2	98			1		1	3	7	41		1	2	1	4	2	13	0.45759572474
26	1	2	1	13	2	4	1	1	2	1	2	2	2	1	2	2	1	1	2	1		4	0	4	3	4	2	3	1	3	1	1	2	2	21			2		1	2	6	20		2	2	1	4	2	36	1.75138062562501
27	2	2	2	13	3	3	3	1	2	1	1	1	2	1	4	2	1	1	2	1		4	0	4	2	4	3	3	2	3	2	1	2	3				3	2		2	6	20		2	2	3	3	2	34	4
28	2	1	1	20	2	1	1	1	1	1	2	2	1	2	3	1	1	1	1	1		0	4	1	4	1	4	1	1	1	1	2	1	1	1			1		1	4	7	66		2	2	1	4	1	12	0.41255389378
30	2	1	2	13	1	4	3	3	1	1	2	1	1	3	5	1	2																					1		1	5	3	65		2	2	1	2	1	18	1.04544547702
31	1	2	2	20	2	1	3	3	2	1	2	1	2	1	4	2	1	1	2	1		4	0	4	2	4	2	2	1	3	4	2	2	3				4	3		3	5	76		2	2	1	4	2	26	0.922475632
32	2	2	2	20	3	4	3	1	2	1	2	1	2	1	3	2	1	1	2	1		4	0	4	2	4	2	2	1	1	4	3	2	4				3	2		2	8	75		2	2	1	4	1	42	0.507503387
35	2	2	2	3	1	3	3	3	2	1	2	1	2	1	3	2	1	1	2	1		4	0	4	2	4	2	1	1	3	2	1	1	4				3	2		3	7	67		1	2	2	3	1	17	0.424944789
36	2	1	1	28	3	1	1	1	1	1	1	1	3	2	3	1	1	1	1	1		0	4	1	4	1	4	1	1	1	4	2	2	3				1		1	3	3	43		1	2	1	3	1	45	1.38633449332
37	1	1	2	20	2	2	1	1	1	1	2	1	3	1	3	2	1	1	6	2	1	2	2	2	2	2	2	3	2	2	3	1	3	1	99			3	1		3	5	69		2	1	1	3	1	39	1.535639869
40	2	1	1	13	2	2	1	1	1	1	3	3	1	3	3	1	1	1	1	1		0	4	1	4	1	1	1	1	1	4	2	3	1	22			3	1		5	7	64		2	2	1	2	1	25	0.507503387
44	1	1	2	28	2	1	2	1	1	1	2	1	3	9	1	1	1	1	1	2		2	2	2	5	2	3	2	1	3	2	2	1	3				4	3		3	7	65		2	2	9	3	1	26	0.502546937
45	1	2	2	20	1	4	3	3	2	2	2	9	2	1	3	2	1	1	2	1		4	0	2	2	3	2	2	1	3	1	1	1	2	21			3	2		3	6	84		2	2	1	1	2	13	0.888733406
48	2	2	2	20	1	4	3	3	2	3	3	1	2	1	1	2	1	1	2	1		4	0	4	1	4	1	2	1	1	4	2	3	1	21			2		1	1	8	63		1	2	2	2	2	47	0.4894842605
51	2	1	1	20	4	9	1	3	1	2	2	1	1	9	3	1	1	1	1	1		0	4	1	4	1	4	1	1	1	4	2	4	1	1			1		1	5	7	60		2	2	1	4	1	36	0.49735331926
53	2	1	1	13	2	1	1	2	1	2	2	1	1	2	3	1	1	1	1	1		0	4	1	4	1	4	4	1	3	4	2	3	1	1	31		3	1		3	3	54		2	2	2	3	1	51	1.375740268
56	2	2	2	20	1	2	3	1	2	2	1	2	3	1	1	2	1	1	2	1		4	0	4	2	3	2	2	1	2	4	1	1	4				1		2	3	8	32		1	2	1	4	1	12	0.46278325674
57	2	1	1	29	3	2	2	2	1	3	2	3	3	2	3	9	1	1	1	1		0	4	1	4	1	4	1	1	3	4	2	2	2	1			1		1	5	3	64		2	2	1	3	1	18	1.04544547702
60	1	1	3	20	3	3	1	3	1	2	1	2	1	2	3	1	1	1	1	1		0	4	2	4	1	4	2	1	3	1	2	2	2	32			1		2	4	3	73		2	2	1	4	2	23	1.41634181304
61	2	1	1	30	4	2	1	1	3	1	3	1	3	3	3	1	1	4	4	2	1	2	4	2	3	1	3	2	2	3	2	9	2	3				3	1		4	3	62		2	2	1	1	1	45	1.027760482
62	1	1	9	20	2	9	1	1	1	1	1	1	3	9	3	4	1	1	1	1		0	4	2	4	2	4	2	1	3	1	1	2	2	99			1		1	5	8	95		1	2	1	1	2	12	0.48122307688
63	1	1	1	20	4	4	1	9	1	1	3	1	9	3	3	1	1	1	1	1		0	4	2	4	2	4	2	2	3	4	2	2	3				1		2	5	3	69		2	2	1	2	1	18	1.04544547702
64	2	1	1	20	2	2	1	1	1	1	1	1	1	3	3	1	1	1	1	1		0	4	1	4	1	4	1	1	1	4	2	2	2	1			1		1	5	5	52		2	1	1	3	1	12	1.46364009302
67	2	2	2	9	4	3	3	2	2	2	2	2	2	2	2	2	1	4	6	9	1	4	4	3	4	3	3	4	3	2	4	2	4	2	98			3	1		3	8	42		1	2	1	4	1	42	0.48258571
68	2	2	2	20	3	3	3	1	2	1	2	1	2	1	1	1	1	1	2	1		4	0	4	2	3	2	2	1	3	1	1	1	3				2		1	1	8	54		2	2	1	4	1	36	0.49465035275
69	2	9	2	3	1	4	3	3	1	2	2	2	2	1	1	2	1	1	9		9	9	4	3	4	9	4	4	1	3	4	2	2	2	32			4	3		9	3	30		2	2	1	2	1	17	2.092686812
70	2	2	2	20	1	4	3	1	2	1	2	1	2	1	2	3	1	1	2	2		3	1	3	5	4	1	3	1	3	3	1	4	1	33			1		2	4	8	60		2	2	2	4	1	36	0.48368154506
71	1	2	2	29	2	3	3	3	2	2	2	2	2	1	3	1	1	1	2	1		4	0	4	2	4	3	4	3	3	2	1	2	2	99			2		2	2	6	56		2	2	1	3	1	13	0.780961483049998
72	1	1	1	28	2	4	9	9	1	1	1	1	3	2	3	2	1	1	1	1		0	4	1	4	1	4	1	1	3	4	2	4	4				4	1		5	5	70		2	2	1	3	1	47	0.761913642
75	2	1	2	13	3	4	1	1	2	1	2	2	2	1	3	1	2																					3	1		3	5	24		2	2	1	2	1	51	1.215084805
76	2	1	1	30	2	3	1	1	1	1	2	1	3	1	3	1	1	1	1	1		0	4	2	4	1	4	1	1	3	1	1	2	2	1			1		2	4	3	60		2	2	1	1	1	21	1.00720527236
78	2	2	9	1	4	1	3	3	1	9	1	1	3	2	3	1	1	1	2	1		4	0	5	4	4	4	1	1	3	4	2	1	3				2		1	5	3	62		2	2	2	2	1	34	1.235078627975
81	2	2	2	20	1	4	3	1	2	1	2	2	1	1	1	2	2																					2		1	2	8	73		2	2	1	3	2	36	0.606776239475001
84	1	1	1	14	2	2	1	3	1	2	1	1	3	1	3	1	1	1	1	1		0	4	1	4	1	4	9	1	3	4	2	4	1	99			3	1		3	3	78		2	2	1	2	1	55	1.066781099
87	2	2	2	5	1	3	3	1	2	1	2	2	2	1	1	2	1	1	2	1		4	0	4	2	4	2	3	2	1	3	1	3	2	21			2		1	2	5	28		1	2	2	2	1	51	1.211225348675
91	1	2	2	20	2	3	3	1	2	1	2	1	2	1	3	2	1	1	2	1		4	0	4	2	4	2	2	1	3	1	1	1	4				2		2	3	3	73		2	2	1	3	1	26	1.093450626475
93	1	1	1	20	3	1	1	1	1	1	3	2	1	9	3	1	1	1	1	1		0	4	1	4	1	4	2	1	1	1	2	2	1	1			1		1	5	3	68		2	2	1	1	2	12	1.17485358424
95	1	1	2	20	1	2	3	3	2	1	2	2	2	1	2	1	9																					1		2	4	3	45		1	2	1	3	1	54	1.38633449332
96	2	2	2	20	3	2	3	3	2	2	2	1	2	1	3	2	1	1	2	1		4	0	4	1	3	1	1	1	3	1	1	1	4				2		1	3	8	69		2	2	2	4	1	13	0.419636228975
97	2	9	2	30	4	4	2	1	1	1	1	2	3	2	3	1	2																					3	1		2	5	33		2	2	1	2	1	28	1.215084805
101	2	2	2	20	1	4	3	3	2	2	2	2	2	1	1	2	1	1	2	1		4	0	4	1	4	1	1	1	1	1	1	2	1	12			2		1	2	7	38		1	2	1	4	2	12	0.478607773325
106	2	2	2	1	5	3	3	3	2	2	3	1	2	1	1	2	1	1	9		9	9	9	4	1	4	2	3	1	1	4	3	3	1	12			3	3		9	3	52		1	9	9	2	1	12	1.626973844
107	2	9	2	13	3	3	3	3	3	2	2	1	2	1	3	1	1	1	8		1	3	2	2	1	3	1	1	1	3	1	1	1	4				2		1	3	8	56		2	1	1	2	2	12	0.977337285775
111	2	1	3	10	3	2	1	2	1	2	3	1	3	2	3	2	1	1	1	1		0	4	2	3	2	4	2	1	3	4	2	4	1	98			3	1		4	5	99	2	1	2	9	9	2	34	1.243932152
112	2	2	2	1	1	4	3	1	2	1	2	1	3	1	1	2	1	1	2	1		4	0	4	1	4	2	1	1	3	2	1	2	3				2		1	2	7	62		2	2	2	4	2	17	0.508068335625
115	1	2	2	1	1	4	3	1	2	1	2	2	2	1	1	2	1	1	2	1		4	0	4	2	4	1	2	1	1	1	1	1	2	11			3	2		3	5	71		2	2	1	3	2	26	0.922475632
117	2	2	3	30	3	3	3	3	2	2	2	1	2	1	5	9	1	1	2	1		4	0	4	2	4	2	2	1	3	2	1	2	4				2		1	2	7	32		1	2	2	2	2	13	0.549080067775
118	2	1	2	9	5	2	2	2	1	1	1	1	1	2	5	1	1	1	1	1		0	4	1	5	1	4	1	1	1	4	2	2	1	32			1		1	5	5	65		2	2	1	3	2	26	0.90402611936
119	2	2	2	20	1	4	3	3	2	2	2	2	2	1	3	1	1	1	9		9	9	9	4	5	4	2	1	1	3	3	1	1	4				3	3		3	8	99	9	2	2	9	4	1	13	0.849494259
120	2	2	1	4	2	3	3	3	2	1	2	2	2	1	1	1	1	2	2	1		4	0	4	2	4	2	2	1	3	1	1	2	2	32			2		2	1	7	18		2	2	2	3	2	11	0.661942108475001
121	1	2	2	20	2	4	3	1	2	1	2	2	2	1	3	1	1	1	2	1		4	0	4	2	4	1	2	1	1	1	1	1	2	21			3	2		3	7	64		2	2	1	3	2	42	0.591976819
123	2	2	2	20	2	4	3	1	2	3	3	3	2	1	3	1	1	1	2	1		4	0	4	2	4	1	1	1	1	2	1	1	4				2		1	2	7	53		1	2	1	4	1	37	0.41031178655
128	1	2	2	20	2	4	3	3	2	3	2	2	2	1	1	1	1	1	2	1		4	0	4	2	4	2	2	1	2	2	1	1	3				1		1	3	7	57		2	2	1	4	1	47	0.41255389378
133	1	2	2	20	1	2	3	3	2	1	9	1	3	2	3	2	1	2	2	1		4	0	4	1	4	2	3	1	3	2	1	1	1	99			2		1	4	2	77		2	2	2	8	1	12	1.02449602185
134	2	1	2	20	2	3	1	1	1	1	2	1	3	1	3	1	1	1	1	1		0	4	2	4	2	3	3	1	3	3	2	3	2	34			1		1	4	8	45		2	2	1	4	2	24	0.55165338662
135	1	1	2	30	3	1	1	1	1	2	1	1	3	2	3	1	1	1	1	1		0	4	1	4	1	4	1	1	3	3	2	1	2	31			4	1		5	3	56		2	2	3	1	1	36	3.503532863
136	1	1	2	20	5	4	3	1	1	2	1	3	2	1	2	1	1	1	1	1		0	4	2	4	1	4	2	1	1	4	2	4	1	1			1		1	9	3	45		1	2	1	1	1	51	1.38633449332
141	2	1	2	9	2	2	1	3	1	3	1	1	2	1	2	2	1	1	1	1		0	4	2	3	1	3	2	1	3	2	1	1	3				1		1	3	8	47		1	2	1	4	2	13	0.45759572474
144	2	2	2	20	2	4	3	3	2	2	2	1	2	1	2	2	1	1	2	1		4	0	4	3	4	2	2	1	1	1	1	1	3				3	3		3	8	51		2	2	1	4	1	12	0.400304182
146	1	2	2	20	2	4	3	1	2	1	2	9	2	1	1	2	1	1	2	1		4	0	4	2	4	1	3	1	3	3	1	3	1	11			2		1	1	8	54		2	2	1	4	2	36	0.576984409475001
147	1	2	2	20	1	4	3	3	2	2	2	2	2	1	1	2	1	1	2	1		4	0	4	1	4	2	3	1	1	1	1	1	2	12			2		1	3	7	48		1	2	1	4	2	12	0.478607773325
148	1	2	2	13	1	4	3	3	2	1	2	2	2	1	1	4	1	1	2	1		4	0	4	4	4	1	4	1	1	1	1	4	1	21			3	3		3	7	28		1	2	1	4	1	51	0.472227813
149	2	1	2	1	1	2	1	1	1	1	2	1	3	1	2	2	1	1	1	2		2	2	2	2	2	2	2	1	3	3	1	1	2	28	22		3	1		3	8	65		2	2	1	3	1	42	0.507503387
150	2	1	2	20	2	2	2	2	3	2	3	2	9	2	3	1	1	1	1	1		0	4	2	4	2	4	3	1	2	4	2	4	1	1			3	1		4	7	59		2	2	1	9	2	26	0.509687248
151	2	1	2	9	3	1	9	2	9	2	2	2	3	2	1	2	1	1	1	1		0	4	1	4	1	4	2	1	1	4	2	2	3				1		2	3	6	64		2	2	1	2	2	17	0.90402611936
152	2	2	2	20	1	3	3	1	2	1	2	3	2	1	2	3	1	1	2	1		4	0	4	1	4	1	1	1	1	1	1	1	4				2		1	3	5	52		2	2	9	3	2	26	1.097790898775
154	1	1	2	30	1	1	3	3	1	1	1	1	1	9	3	1	2																					2		1	3	2	67		2	2	1	1	2	12	1.2288009427
155	1	2	2	2	1	4	3	1	2	1	2	2	2	1	1	2	1	1	3	1	3	4	4	4	3	4	3	4	1	2	4	1	1	2	1	11		2		2	3	6	40		1	2	1	3	2	18	0.954511154875002
157	1	2	2	13	2	3	3	1	2	1	2	2	3	1	3	1	1	1	2	1		4	0	4	2	3	2	3	1	2	2	2	4	1	12			3	1		3	7	67		2	2	1	4	1	34	0.507503387
162	2	1	1	20	2	2	1	1	1	1	1	1	3	1	2	1	1	1	1	1		0	4	2	3	2	2	2	2	2	2	2	2	3				4	1		3	8	52		2	2	1	4	1	1	0.400304182
163	2	1	1	13	4	4	2	2	1	2	3	2	2	2	5	1	1	1	1	1		0	4	2	4	1	4	1	1	3	4	2	3	1	2			4	1		5	3	20		2	2	1	1	1	36	2.430553418
165	1	1	1	1	1	2	3	3	2	2	2	2	3	1	3	1	1	3	8		3	4	4	5	5	2	4	5	3	2	4	2	4	1	21			4	3		3	7	50		2	2	5	9	2	37	1.320340158
168	1	2	2	20	2	3	3	3	2	2	2	3	1	1	5	2	1	1	2	1		4	0	4	1	3	1	1	1	3	4	1	2	2	98			2		1	3	3	68		2	2	2	2	2	47	1.19502236085
169	2	2	2	1	3	4	3	1	2	1	2	2	2	9	2	2	1	1	3	1	2	4	4	4	3	3	3	3	1	1	3	1	3	2	11	1		3	2		2	7	28		2	2	1	2	1	44	0.569293064
171	2	1	2	9	3	3	1	1	3	1	2	1	1	1	3	1	1	1	1	1		0	4	1	4	1	4	1	1	3	4	2	2	2	1			1		1	5	6	65		2	2	1	1	2	47	0.870958737879998
172	2	1	2	1	2	2	3	3	1	2	2	1	3	1	2	2	1	1	1	1		0	4	1	3	2	4	2	1	2	2	1	2	2	1			3	1		3	6	65		2	2	1	1	2	13	0.888733406
173	2	2	2	20	2	4	3	3	2	2	2	2	2	1	2	2	1	1	2	1		4	0	4	2	4	2	3	1	3	1	1	1	2	28	21	22	3	2		2	7	40		1	2	1	4	1	51	0.400304182
174	2	2	2	20	2	4	3	1	2	3	1	2	9	1	1	2	1	2	8		2	4	2	4	2	4	2	1	2	2	1	1	1	2	33			2		1	3	5	50		2	2	2	3	2	12	0.894318276899998
177	1	2	2	9	2	4	3	1	2	1	3	3	2	1	3	2	1	1	2	1		4	0	4	1	4	2	1	1	3	1	1	2	2	33	28		2		1	1	8	78		2	2	1	9	2	50	0.606776239475001
178	2	1	2	20	2	2	1	1	1	1	1	2	1	2	2	1	1	1	1	1		0	4	1	4	1	4	2	1	1	4	2	4	1	1	22		1		1	5	5	72		2	1	4	2	2	12	1.69121106938
180	1	2	2	30	2	4	3	1	2	1	2	2	2	1	3	1	1	1	2	1		4	0	4	1	4	2	2	1	3	2	1	1	4				2		1	3	8	61		2	2	1	3	1	39	0.447880214675
184	1	2	2	20	2	3	3	1	2	1	2	1	2	1	1	2	1	2	2	2		4	2	3	5	3	2	2	2	3	4	1	3	1	21			2		2	3	7	34		1	2	3	2	2	36	1.924666393775
193	1	2	1	20	3	3	3	3	2	2	1	1	2	1	3	1	1	1	2	1		4	0	4	2	4	2	2	1	1	1	1	2	3				3	2		3	7	52		1	2	1	4	1	18	0.415502388
194	2	2	2	20	1	4	3	1	2	1	2	1	2	1	1	2	1	1	2	1		4	0	1	1	4	1	3	1	1	1	1	2	2	12	21		3	3		1	8	99	2	1	2	1	4	2	9	0.562911619
195	1	1	1	20	2	1	1	2	1	3	1	3	1	2	2	1	1	1	1	1		0	4	1	3	1	4	1	1	1	4	2	2	1	1			1		1	3	3	96		2	2	1	2	2	39	1.21945883206
199	2	2	2	20	1	4	3	1	2	1	2	1	2	1	3	3	1	1	2	1		4	0	4	2	4	1	3	1	3	2	1	1	3				3	2		3	8	40		1	2	2	3	2	36	0.547437708
200	2	2	2	1	3	4	3	1	2	1	2	1	2	2	3	1	1	1	2	1		4	0	4	1	4	1	1	1	1	1	1	1	4				2		1	5	3	69		2	2	2	3	2	24	1.44065623085
201	2	2	2	13	1	3	3	1	2	1	2	2	2	1	2	2	1	1	2	1		4	0	4	1	4	2	2	1	3	1	1	3	2	12			2		1	1	8	71		2	2	1	4	2	9	0.606776239475001
202	2	1	1	30	4	1	1	2	1	2	1	1	1	2	3	1	1	1	1	1		0	4	1	4	1	4	1	1	1	4	2	3	2	1			1		1	5	3	54		2	2	1	3	2	42	1.94947699618
203	2	1	2	15	3	2	1	1	1	1	2	2	2	1	3	1	1	1	1	1		0	4	2	4	2	4	2	1	3	4	2	1	3				1		1	4	8	43		1	1	1	4	2	36	1.07119002606
204	1	1	1	14	3	2	1	1	1	1	1	1	3	2	3	2	1	1	1	1		0	4	1	4	1	4	1	1	1	4	2	3	4				1		1	5	5	66		2	2	1	2	2	13	0.870958737879998
206	1	2	2	20	1	4	3	3	2	2	2	2	2	1	1	2	1	2	2	1		4	0	4	1	4	2	4	1	3	1	1	1	2	28			3	3		2	6	89		2	2	1	2	2	55	0.922475632
208	1	2	2	3	2	2	3	3	2	2	2	9	2	1	3	2	1	1	2	1		4	0	4	1	4	1	1	1	1	4	1	4	1	21			2		1	1	4	64		2	2	1	9	2	55	1.275454390675
209	2	2	2	1	2	3	3	1	2	1	2	2	2	1	1	2	2																					2		1	3	5	61		2	2	1	1	2	25	1.098195603625
211	1	9	2	29	3	2	1	1	2	1	2	2	1	2	3	1	1	1	1	2		2	2	2	5	3	2	2	2	1	2	2	2	2	99			9	1		4	3	87		2	2	1	2	2	42	1.445246748
212	2	2	2	30	1	4	3	1	2	1	2	3	2	1	2	2	1	1	2	1		4	0	4	2	4	2	2	1	1	1	3	3	1	12			3	2		3	5	69		2	2	2	2	2	55	0.897117644
214	1	2	2	3	2	2	3	1	2	2	2	2	2	1	3	2	1	1	2	1		4	0	4	2	4	1	1	1	3	1	1	1	4				3	2		3	7	61		2	2	1	3	2	17	0.509687248
216	2	2	2	20	1	3	3	1	2	1	1	2	2	1	1	1	1	1	2	1		4	0	4	1	4	2	1	1	1	1	1	1	1	12			2		1	1	3	77		2	2	9	2	2	26	1.4669102754
217	2	2	2	2	1	4	3	1	2	1	2	1	2	1	3	1	1	1	2	1		4	0	4	1	4	2	2	1	1	1	1	1	2	21			2		1	1	7	73		2	2	1	3	2	26	0.5224294292
218	1	2	2	1	2	4	3	1	2	1	2	2	2	1	1	3	1	1	2	1		4	0	4	2	4	2	2	1	3	1	1	1	2	21	28		3	2		3	8	70		2	2	1	3	2	26	0.509687248
220	2	1	1	20	2	1	1	1	1	1	3	1	3	2	3	1	1	1	1	1		0	4	1	4	1	4	2	1	3	4	2	2	3				1		1	3	3	41		1	2	1	3	2	26	1.67848390836
221	1	1	3	20	3	2	2	2	1	1	2	1	3	9	2	2	1	1	1	1		0	4	2	3	2	3	2	1	3	3	2	2	2	99			9	1		3	6	50		2	2	1	9	2	26	0.931230395
222	2	1	2	20	2	3	3	3	1	2	3	9	9	1	2	1	1	1	1	1		0	4	1	4	1	4	2	1	3	9	1	2	2	3			3	3		3	3	61		2	9	9	2	2	5	1.378784168
223	1	2	2	20	2	4	3	3	2	1	3	1	2	1	2	2	1	1	2	1		4	0	4	2	4	2	2	1	1	4	1	1	1	99			2		1	3	7	83		2	2	1	3	1	48	0.474928131975
227	1	2	2	20	1	2	1	1	2	1	1	2	3	1	1	2	2																					2		2	3	3	72		2	2	1	4	1	31	1.093450626475
231	1	2	2	3	2	2	1	1	2	1	1	2	3	1	3	9	1	1	2	1		4	0	3	5	3	9	4	2	2	9	3	2	2	99			2		1	4	4	69		2	2	1	1	2	29	1.275454390675
232	1	1	1	20	2	4	1	1	1	1	2	1	3	1	3	1	1	1	1	1		0	4	1	3	1	4	2	1	1	2	2	2	1	1			1		2	4	3	78		2	2	1	1	2	5	1.17485358424
235	1	1	3	30	1	2	1	2	1	1	1	1	3	2	3	1	1	1	1	1		0	4	2	4	1	4	2	1	3	4	2	3	3				3	1		4	7	64		2	2	1	4	2	48	0.540467751
236	1	2	2	2	3	3	2	1	2	1	3	2	1	1	3	1	2																					3	3		3	5	55		2	2	1	1	2	40	0.978184823
240	2	2	2	16	2	4	3	3	2	2	2	2	2	1	2	1	1	1	2	1		4	0	4	2	4	2	2	1	1	1	1	3	2	12			3	2		2	7	62		2	2	1	2	2	29	0.509687248
242	2	1	2	13	4	1	2	2	1	2	3	2	3	2	1	1	1	1	1	1		0	4	2	3	1	3	1	1	3	4	2	2	1	34	32		4	3		4	7	38		1	2	5	2	1	6	1.349942818
247	2	2	2	2	1	4	3	3	2	2	3	1	2	1	2	2	1	1	2	1		4	0	4	2	4	2	1	1	1	3	3	2	2	12			3	3		3	7	45		2	2	1	3	2	19	0.484662346
250	2	2	2	20	2	4	3	1	2	1	2	1	2	1	1	2	1	1	2	1		4	0	4	1	4	1	2	1	1	1	1	1	2	12			2		1	3	7	67		2	2	1	3	2	27	0.5224294292
252	1	2	9	20	1	2	9	9	2	2	9	2	3	2	3	1	9																					2		2	4	9	75		2	2	2	2	2	22	0.858827509424997
253	2	2	2	13	1	4	3	3	2	2	2	3	2	1	1	1	1	1	2	1		4	0	4	1	4	1	2	1	1	2	1	3	1	21	12		2		1	3	7	60		2	2	1	4	2	12	0.5033200549
254	1	9	3	11	1	4	3	2	2	2	3	1	3	1	3	2	1	1	2	1		4	0	4	2	4	2	3	1	1	2	1	1	4				2		1	2	5	24		2	2	1	3	2	19	1.507924538275
256	2	2	9	20	1	3	3	1	2	1	2	2	3	1	2	1	1	1	6	1	9	9	9	5	5	4	2	2	1	2	1	1	2	4				3	2		1	8	32		2	2	1	3	1	27	0.490156718
259	2	1	2	15	3	2	1	2	1	1	1	1	3	2	5	2	1	1	1	1		0	4	2	4	2	4	2	1	1	3	2	2	2	1			3	1		3	7	37		1	2	1	4	2	27	0.484662346
260	1	2	2	9	2	4	3	3	2	3	2	2	3	1	3	1	1	1	2	1		4	0	4	1	4	2	3	1	1	1	1	1	2	21			2		1	3	5	87		2	2	1	1	2	20	0.945537522800002
264	1	2	2	20	1	4	3	1	2	1	2	2	2	1	1	1	1	1	2	1		4	0	4	2	4	1	3	1	1	4	1	2	1	12			2		2	3	7	61		2	2	1	2	2	22	0.5033200549
265	1	2	2	20	2	4	3	3	2	2	2	1	2	1	3	1	1	1	2	1		4	0	4	2	4	2	2	1	3	3	1	1	2	21	28	22	1		2	3	8	51		1	2	1	4	1	48	0.43178307746
266	1	1	1	20	1	3	3	3	1	1	1	1	3	1	3	1	1	1	1	1		0	4	1	4	1	4	1	1	1	3	3	3	2	1			1		1	4	3	59		2	2	1	2	1	27	1.04544547702
269	1	1	1	30	3	3	1	3	1	1	2	1	3	1	3	1	1	1	1	2		1	2	2	1	3	2	2	1	2	4	9	2	2	99			1		1	5	6	85		2	2	1	2	2	48	0.958621126539998
270	2	1	1	20	1	2	1	1	1	1	1	1	1	2	1	1	1	1	1	1		0	4	1	4	1	4	1	1	1	2	2	2	1	22			1		1	5	7	60		2	2	1	2	2	19	0.49949350304
273	1	2	2	20	2	3	3	3	2	2	3	1	2	1	2	2	1	1	2	1		4	0	4	1	4	9	2	1	1	1	1	1	3				2		1	3	5	72		2	2	1	1	2	29	0.945537522800002
274	2	2	2	20	1	4	3	3	2	3	2	2	2	1	3	2	1	1	2	1		4	0	4	1	4	3	3	1	1	4	1	3	1	12			3	3		3	8	77		2	2	2	3	2	48	0.525610801
275	2	2	2	20	1	4	3	3	2	2	1	1	2	1	3	2	1	1	2	1		4	0	5	2	2	2	2	3	3	1	1	3	9				2		2	3	9	99	2	9	2	2	9	1	21	0.736275232499997
277	1	2	2	20	2	4	3	1	2	1	2	2	2	1	1	1	1	1	2	1		4	0	4	1	4	1	2	1	2	1	1	1	2	21			2		1	2	8	69		2	2	1	2	2	27	0.5224294292
278	2	2	2	20	1	4	3	3	2	2	2	2	2	1	1	2	1	1	2	1		4	0	4	3	4	2	2	1	1	3	1	4	1	11			2		1	1	8	41		2	2	5	3	1	48	1.277007234925
282	1	1	1	3	3	1	1	1	1	1	2	1	1	2	2	1	1	1	1	1		0	4	1	4	1	4	2	1	1	4	2	2	3				1		1	4	6	70		2	2	1	2	2	48	0.958621126539998
283	2	1	1	20	1	2	1	1	1	1	2	1	1	2	1	1	1	1	1	1		0	4	2	4	2	4	4	1	1	4	2	4	1	98			3	1		3	7	63		2	2	1	2	1	48	0.463344519
285	2	2	2	20	1	3	3	1	2	2	2	2	2	1	1	2	1	1	2	1		4	0	4	2	4	2	3	1	1	3	1	2	1	12	28		3	2		3	8	34		2	2	3	4	2	48	1.714338911
286	1	2	2	4	1	4	3	3	2	2	3	2	2	1	1	1	1	1	2	1		4	0	4	1	4	1	1	1	1	1	1	2	1	11			2		1	1	8	83		2	2	1	8	2	48	0.553979444775
287	1	1	1	20	3	4	1	3	1	1	3	1	1	1	3	1	1	1	1	1		0	4	2	4	1	4	1	1	1	4	2	3	2	1			1		1	5	7	69		2	2	1	2	2	48	0.52965839598
288	2	1	2	20	1	4	3	3	3	2	2	2	1	1	1	1	1	1	1	1		0	4	2	4	1	4	3	1	1	2	2	3	1	22			3	1		5	8	58		1	1	4	4	1	48	0.899713551
289	1	2	2	20	2	4	3	3	2	2	2	3	2	1	3	2	1	1	2	1		4	0	4	1	4	2	5	1	1	2	1	2	1	11			2		1	2	8	86		2	2	1	2	1	48	0.474928131975
290	2	2	2	14	1	4	3	1	2	1	3	2	2	1	1	3	1	1	2	1		4	0	4	1	4	1	2	1	3	1	1	2	2	21	33	12	2		1	1	8	69		2	2	1	2	2	22	0.5033200549
291	2	2	2	20	2	2	3	3	2	1	2	2	3	1	3	1	2																					3	3		1	3	18		2	2	2	1	2	37	2.287078604
292	1	2	2	20	1	4	3	3	2	2	2	1	2	1	3	2	1	1	2	1		4	0	4	1	4	1	1	1	1	4	1	3	2	21			2		1	3	5	79		2	1	1	2	1	48	1.66908810395
293	2	2	2	17	1	4	3	1	2	1	2	2	2	1	1	4	1	1	2	2		4	1	4	2	4	1	4	1	2	1	1	2	4				4	3		9	8	37		1	2	9	4	1	22	0.460393035
295	2	2	2	20	2	3	1	1	1	1	2	1	3	1	2	1	1	4	2	2		3	3	3	5	2	4	4	3	3	4	1	2	3				4	1		3	2	46		1	2	1	3	2	48	1.816172619
296	1	1	1	20	1	9	1	3	1	1	2	1	3	1	3	1	1	1	1	1		0	4	1	4	1	4	2	1	3	9	2	4	3				1		2	2	4	88		2	2	1	2	1	32	1.10858093528
297	1	2	2	18	2	4	3	1	2	1	2	3	2	1	3	2	1	1	2	1		4	0	4	3	4	2	2	1	3	9	1	1	2	21			2		1	1	7	73		2	2	1	1	2	35	0.553979444775
300	2	1	1	15	3	2	1	2	1	3	1	1	3	2	3	1	2																					1		1	4	5	39		1	2	4	4	1	4	1.61095612538
303	2	1	2	1	3	4	9	2	1	2	3	1	3	2	1	2	2																					3	3		5	3	59		2	2	1	2	2	32	1.319492984
305	2	2	2	3	1	4	3	3	2	2	2	2	2	1	1	1	1	1	2	2		4	2	4	3	4	3	4	1	3	1	1	3	1	98			3	2		3	7	23		2	1	1	1	2	4	1.177245297
306	2	1	1	9	3	2	1	1	1	1	3	1	1	2	3	1	1	1	1	1		0	4	1	4	1	4	1	1	1	1	2	2	2	32			1		1	5	8	60		2	2	1	3	2	4	0.52965839598
307	2	1	1	10	4	1	1	1	1	1	1	2	3	2	2	1	1	1	1	1		0	4	2	4	1	4	1	1	3	4	2	3	4				1		1	4	3	34		1	1	1	4	1	56	3.92
308	2	1	2	28	3	3	1	1	1	1	2	1	4	3	3	2	1	1	1	1		0	4	2	4	2	3	3	1	2	2	2	3	2	1			3	3		3	7	70		2	2	1	4	1	49	0.463344519
309	1	2	2	20	1	3	3	1	2	1	3	2	9	1	1	1	1	1	2	1		4	0	4	1	4	2	4	1	3	1	1	2	1	12			2		1	9	3	89		2	2	1	1	2	32	1.3524803086
314	2	1	1	28	4	2	2	2	1	2	2	2	1	2	3	1	1	1	1	1		0	4	1	4	1	4	1	1	1	4	2	2	2	21			1		1	5	5	60		2	2	1	2	1	49	0.821828580160003
315	2	1	1	2	2	2	1	1	1	1	3	1	2	1	3	2	1	1	1	1		0	4	2	4	2	4	2	1	3	1	1	2	3				1		2	4	8	60		2	2	1	3	2	35	0.52965839598
321	2	2	2	2	2	1	1	1	2	1	1	1	3	1	3	1	1	1	2	1		4	0	4	1	4	1	3	1	3	1	1	2	1	31			1		1	5	8	52		1	2	1	4	2	6	0.5457292778
322	2	1	3	20	4	3	1	2	1	2	2	2	1	2	1	1	1	1	1	1		0	4	1	4	1	4	1	1	1	4	2	3	3				1		2	3	7	33		1	1	1	4	2	4	1.15370039106
323	2	1	1	2	4	2	1	1	1	2	2	1	3	2	2	1	1	1	1	1		0	4	1	4	2	4	3	1	3	4	2	4	1	1			4	1		5	6	26		2	2	1	3	1	8	1.337383637
324	2	2	2	20	1	4	3	3	2	2	2	2	2	1	1	2	1	1	2	1		4	0	4	2	4	2	3	1	3	1	1	2	2	12			2		1	3	8	49		2	2	1	3	2	4	0.526779860275
336	2	2	2	30	2	4	3	1	2	1	1	2	3	1	2	1	1	1	2	1		4	0	4	3	4	2	2	1	1	1	1	1	4				3	2		3	6	29		1	2	2	3	1	31	1.226547816
342	2	2	2	20	1	4	3	1	2	1	2	2	2	1	1	1	1	1	2	1		4	0	4	3	4	2	3	1	1	1	1	2	2	12			3	2		1	5	30		2	2	1	1	1	6	1.449111775
351	2	2	2	1	1	4	3	3	2	1	2	2	2	2	1	2	1	1	2	1		4	0	4	3	3	2	4	3	2	1	1	3	3				3	2		3	8	52		2	2	2	4	2	6	0.54155887
355	2	2	2	2	2	4	3	3	2	2	2	2	2	1	3	4	1	1	4	2	2	4	3	4	3	4	3	3	3	2	1	1	4	1	11			2		2	2	8	29		2	2	1	1	2	36	0.680652608124998
362	2	2	2	20	2	4	1	2	2	3	3	1	2	1	1	2	1	1	8		2	4	2	4	3	4	2	3	1	2	1	1	2	2	12	11		3	1		3	5	28		2	2	1	3	2	6	1.690314982
363	2	9	2	13	2	3	3	3	3	2	2	2	3	1	3	1	1	1	6	2	3	9	9	5	5	2	2	1	1	3	4	2	1	9				4	3		5	8	56		1	1	2	3	1	6	0.974877713
365	2	2	2	3	1	4	3	3	2	2	2	2	2	1	1	2	2																					3	1		4	6	30		2	2	1	2	2	6	1.690314982
367	2	1	2	13	4	1	1	2	1	2	2	2	3	2	3	1	1	1	1	1		0	4	1	1	1	4	1	1	1	1	1	3	3				4	1		5	6	26		2	2	1	4	1	53	1.449111775
370	2	1	2	10	2	2	3	3	1	2	1	1	1	2	3	1	1	2	1	1		0	4	1	4	1	4	1	1	3	2	2	3	2	1			3	1		3	4	76		2	2	1	3	1	6	1.225708535
372	2	1	2	17	4	4	1	2	1	2	2	2	4	2	1	1	1	1	3	1	1	4	4	5	4	3	4	5	1	3	3	1	3	2	1			3	1		3	7	28		2	2	9	3	1	6	0.647717267
373	2	1	2	1	3	3	3	1	2	1	2	1	2	9	3	3	1	1	1	1		0	4	2	4	2	4	4	1	1	1	1	3	1	1			1		1	4	7	39		1	2	1	3	2	41	0.5457292778
375	2	9	2	20	2	3	3	9	1	9	3	1	2	1	3	1	2																					4	3		3	3	22		2	1	1	1	1	37	3.914903592
379	2	2	2	20	1	4	3	3	2	1	2	1	2	1	2	2	1	1	2	1		4	0	4	5	4	3	4	1	2	1	1	2	4				2		1	1	7	22		2	2	1	4	2	53	0.67334319885
382	2	2	2	20	1	3	3	1	2	1	3	3	2	1	1	1	1	1	2	1		4	0	4	2	4	2	2	1	1	2	1	1	3				3	2		3	7	33		1	2	1	4	1	6	0.563179525
387	2	2	2	20	3	4	2	2	2	2	1	2	2	2	1	1	1	1	2	1		4	0	5	2	4	2	3	1	3	2	1	3	2	99			4	2		2	6	31		1	2	2	4	2	6	1.643849813
406	2	2	2	14	2	4	3	1	2	1	2	2	2	1	1	3	1	1	2	1		4	0	4	2	4	2	3	1	1	1	1	3	2	12			2		1	2	8	37		1	2	1	4	2	6	0.570788275250001
408	2	2	2	1	2	3	3	3	2	3	2	1	2	1	2	2	1	1	2	2		4	1	4	2	3	2	3	1	3	2	1	2	2	99			2		2	3	7	44		2	2	2	3	2	32	0.5122991779
411	2	1	2	17	4	9	1	2	1	2	2	1	3	2	3	1	1	1	9		9	9	9	1	4	1	4	9	1	1	4	2	2	2	1			4	1		4	5	46		1	2	1	4	1	53	0.917282875
412	2	2	2	20	1	3	3	1	2	1	2	2	2	1	1	1	1	1	2	1		4	0	4	1	4	2	3	1	2	1	1	2	2	98			2		1	1	5	23		2	2	3	3	1	6	4.1
417	2	1	1	17	2	2	1	3	1	2	2	2	1	2	3	1	1	1	1	1		0	4	1	4	1	4	1	1	3	3	2	2	2	1			3	1		9	7	70		2	2	1	2	1	6	0.502053397
441	2	2	2	20	1	4	3	1	2	1	2	2	2	1	1	1	1	1	2	1		4	0	4	2	4	1	1	1	1	1	1	3	1	11	12		2		1	2	8	57		2	2	2	4	2	6	0.583759587725002
443	2	1	1	1	1	4	3	1	2	1	2	1	2	1	1	2	1	1	1	2		2	4	4	2	3	3	4	2	2	1	1	2	4				1		2	3	8	58		2	2	1	4	2	41	0.57390729032
446	2	2	2	2	1	4	3	1	2	1	2	2	2	1	1	2	1	1	2	1		4	0	4	1	4	1	2	1	1	1	1	2	1	28			2		1	2	8	34		2	2	5	4	2	6	1.90399773925
455	2	1	9	10	1	2	1	3	1	2	1	1	1	2	2	1	2																					1		1	5	3	66		2	2	1	1	1	42	1.21423380918
457	2	2	2	20	1	3	3	1	2	1	2	1	2	1	1	2	1	1	2	1		4	0	4	2	4	2	2	1	3	3	1	2	3				3	2		2	7	28		2	2	1	2	2	17	0.571742814
459	2	2	2	3	4	3	3	3	2	1	2	1	3	1	3	1	2																					2		2	3	3	51		2	2	2	9	1	36	1.69998326035
463	2	2	2	20	1	4	3	1	2	1	1	2	2	1	3	1	2																					4	3		2	3	71		2	2	1	2	2	42	1.445246748
465	2	2	2	10	1	4	3	1	2	1	2	1	2	1	1	1	1	1	2	1		4	0	4	2	4	2	1	1	1	1	1	1	2	12			3	2		3	7	50		2	2	1	2	2	54	0.466934413
468	2	2	2	3	3	2	1	3	1	2	2	1	3	1	1	1	1	1	1	2		2	3	3	2	2	3	3	3	2	2	1	2	3				3	3		3	4	36		1	2	1	4	2	12	1.65009029
469	2	2	2	1	1	4	3	1	2	1	2	2	2	1	3	1	2																					2		2	2	8	44		2	2	3	3	2	40	1.4895638127
470	2	2	2	20	2	3	3	3	2	1	2	1	2	1	2	2	1	1	2	1		4	0	3	2	2	2	2	1	2	4	1	2	2	21			2		2	3	8	83		2	2	1	9	1	36	0.520190971675
490	2	2	2	9	1	3	3	1	2	1	3	1	2	1	3	1	1	1	2	1		4	0	4	1	3	1	1	1	1	1	1	2	1	21			2		1	2	5	75		2	2	1	4	2	42	1.098195603625
494	2	1	1	20	2	2	1	1	1	2	2	1	3	1	3	2	1	1	1	2		1	3	2	2	2	4	2	1	3	4	2	2	2	99			1		2	3	8	49		2	2	1	4	1	36	0.4729339958
505	1	1	2	20	2	4	1	2	1	2	1	1	3	2	2	2	1	1	1	1		0	4	1	4	1	4	2	1	1	4	2	3	3				1		2	4	7	31		1	2	1	1	2	36	0.650770298500003
509	2	1	1	1	1	2	3	1	1	1	1	1	3	1	1	1	1	1	1	1		0	4	1	4	2	4	2	1	3	3	1	2	2	2			1		1	3	8	65		2	2	1	3	2	47	0.48122307688
513	1	2	2	9	4	4	3	1	2	1	2	2	2	1	3	1	1	1	2	2		4	1	3	1	3	2	3	1	3	1	1	2	2	99			3	2		3	7	73		2	2	1	1	2	13	0.491043956
515	1	1	2	1	4	2	1	3	1	2	1	3	1	2	3	1	1	1	1	1		0	4	1	4	1	4	1	1	1	4	2	2	2	1			1		1	5	3	63		2	2	1	2	1	42	1.21423380918
519	1	2	2	2	1	4	3	3	2	2	1	2	2	1	3	1	1	1	8		9	4	2	4	2	4	2	2	1	1	4	1	2	2	21			4	2		3	5	50		1	2	2	1	1	13	0.748001529
520	1	1	1	3	2	3	3	3	2	1	1	1	3	1	3	1	1	1	2	1		4	0	2	2	1	1	1	2	2	1	1	1	4				2		1	1	4	72		2	2	1	1	2	37	1.2288009427
524	2	2	2	20	1	3	3	1	2	1	3	3	2	1	3	1	1	1	2	1		4	0	4	2	4	2	1	1	1	3	2	1	2	12			3	2		4	7	82		2	2	1	1	1	36	0.507503387
526	2	2	1	20	2	2	3	1	2	1	2	1	2	1	4	1	1	1	2	2		4	1	4	2	4	1	5	1	9	2	1	2	2	21			2		1	2	3	18		2	2	1	2	2	36	2.905994520125
538	2	2	2	2	2	3	3	1	3	1	2	1	2	9	2	2	1	1	8		2	4	2	3	2	3	2	2	1	1	3	3	1	3				3	2		3	8	27		2	2	1	9	1	42	0.569293064
558	2	9	2	1	2	4	1	2	3	2	2	3	2	2	1	2	1	1	3	1	3	3	4	4	4	4	4	3	1	3	3	1	3	1	1	11		4	3		3	8	30		2	2	1	2	1	34	0.569293064
563	2	2	2	3	1	4	3	1	2	1	2	1	2	1	2	2	1	1	2	1		4	0	4	2	4	2	1	1	3	1	1	3	1	22	21		2		1	2	5	49		2	2	2	3	2	17	0.928272541700001
567	2	1	1	13	1	1	1	1	1	1	2	1	1	2	2	1	1	1	1	1		0	4	1	4	1	4	1	1	1	1	2	2	1	2			1		1	5	8	63		2	1	1	4	1	13	0.801089284100002
575	2	2	2	20	3	3	3	1	2	1	2	1	2	1	2	3	1	2	2	1		4	0	4	5	4	2	3	2	1	2	1	3	3				2		2	2	7	23		2	2	3	3	1	36	1.650021897525
580	1	1	3	1	3	1	1	2	1	1	3	1	1	2	3	1	1	1	1	1		0	4	1	4	1	4	1	1	1	4	2	2	2	32			1		1	5	5	53		2	2	1	4	1	54	0.753761699179997
582	2	2	2	20	1	4	3	1	2	1	2	2	2	1	2	2	1	1	2	1		4	0	4	2	4	2	2	1	1	1	1	3	1	12			2		1	1	8	49		2	2	1	4	1	36	0.49465035275
596	2	2	2	20	1	4	3	1	2	1	2	1	2	1	2	2	1	1	2	1		4	0	4	3	4	2	4	1	2	3	1	3	1	28			3	2		3	3	39		2	2	1	4	1	37	1.414627034
599	2	2	2	20	1	4	3	3	2	2	2	2	1	2	3	3	1	4	7		2	4	4	4	4	4	4	4	3	2	4	1	4	4				1		2	2	3	67		1	2	1	1	2	36	1.41634181304
605	2	2	2	28	1	3	3	1	2	1	3	1	2	2	2	2	1	1	2	1		4	0	5	1	3	2	1	1	1	1	1	2	2	99			2		2	2	7	29		2	2	1	3	2	9	0.680652608124998
612	1	1	1	20	2	1	1	1	1	1	2	1	3	1	3	1	1	1	1	1		0	4	1	4	1	4	1	1	3	2	2	1	3				1		1	1	3	18		2	2	1	2	2	13	2.30469081457999
615	2	2	2	18	2	4	3	1	2	1	2	2	2	1	3	4	1	1	2	1		4	0	4	1	4	1	3	1	1	1	1	3	1	11			2		1	1	8	51		2	2	1	4	2	37	0.478607773325
617	1	1	1	20	1	2	3	1	1	1	2	1	1	1	1	2	1	1	1	1		0	4	1	4	1	4	1	1	3	4	1	2	3				1		1	4	8	56		2	2	1	9	2	36	0.580137282619999
619	2	1	1	20	1	2	2	1	1	1	2	2	3	2	1	1	1	1	1	1		0	4	2	4	1	4	2	1	3	4	9	2	2	1			1		1	5	6	46		1	2	1	2	2	1	0.879224580219998
622	2	1	1	9	4	4	9	3	1	1	3	2	9	2	3	1	1	1	1	1		0	4	1	4	1	4	1	1	3	4	2	2	2	1			1		1	4	5	51		1	2	1	3	1	37	0.753761699179997
623	1	2	2	15	1	3	3	1	2	1	3	1	2	1	2	2	1	1	2	1		4	0	4	2	4	1	2	1	3	9	1	2	1	12			3	2		3	8	99	3	2	2	1	9	2	36	0.591976819
631	1	2	2	20	2	4	3	3	2	2	3	2	2	1	1	2	1	2	2	1		4	0	4	2	4	2	3	1	1	4	1	4	1	28			3	2		3	6	72		2	2	2	2	1	12	0.740969353
634	2	1	2	10	4	4	2	2	1	1	1	1	3	2	2	1	1	1	1	1		0	4	1	5	1	2	1	1	1	4	1	2	4				1		1	4	6	37		1	2	1	3	2	12	0.879224580219998
637	2	2	2	13	3	3	3	1	2	1	2	1	2	1	1	2	1	1	2	1		4	0	4	1	4	2	2	1	1	1	1	1	4				2		1	3	8	32		1	2	1	3	2	36	0.680652608124998
640	1	1	9	9	4	1	1	1	1	1	2	2	1	2	3	1	1	1	1	1		0	4	1	4	1	4	1	1	3	1	2	1	1	22			1		1	5	3	84		2	2	1	1	2	12	1.17485358424
647	1	2	2	20	1	4	3	1	2	1	2	1	2	1	1	2	1	1	2	2		4	1	4	2	4	2	2	1	1	1	1	2	1	21			1		2	3	7	65		2	2	1	3	1	50	0.49735331926
651	2	2	2	20	1	4	3	3	2	1	2	2	2	1	1	3	2																					3	2		1	7	42		1	2	2	4	2	51	0.454098825
654	1	2	2	20	1	4	3	3	2	2	2	2	2	1	3	2	1	1	2	1		4	0	4	2	4	2	4	2	1	4	1	1	3				3	3		3	3	67		2	2	1	2	1	50	1.239014091
655	2	2	1	4	3	3	3	1	2	1	2	9	2	1	3	2	2																					2		2	2	3	21		2	2	1	3	1	17	2.14500398230001
657	2	1	2	15	2	3	3	2	2	1	2	1	2	1	1	1	1	1	1	1		0	3	2	3	2	3	3	1	2	2	2	2	1	32			1		1	4	7	42		1	2	1	4	1	36	0.4729339958
658	2	1	1	17	3	4	2	2	1	1	1	2	3	2	1	1	1	1	1	1		0	4	1	4	1	4	2	1	3	4	2	2	2	1			4	1		5	7	38		1	2	1	3	2	12	0.466934413
666	1	2	2	15	2	4	3	3	2	2	2	1	2	1	2	1	1	1	2	1		4	0	4	2	4	2	2	1	3	4	1	1	1	12			3	2		3	8	58		2	2	1	4	2	45	0.491043956
677	2	1	1	30	4	1	1	1	1	1	1	2	3	2	2	1	1	1	1	1		0	4	1	4	1	4	2	1	1	4	2	3	1	33			1		1	5	3	55		2	2	1	2	2	12	1.17485358424
681	2	2	2	20	1	4	3	1	2	1	2	1	2	1	2	1	1	1	2	1		4	0	4	1	4	1	2	1	1	1	1	2	2	21	22		2		1	1	8	32		2	2	1	4	1	41	0.577259013124998
684	2	2	2	5	1	4	2	2	1	2	2	2	2	2	3	1	1	1	1	1		0	4	1	4	1	4	1	1	3	4	2	2	3				1		1	3	3	60		2	2	1	3	1	36	1.21423380918
688	1	1	1	1	1	1	1	1	1	1	1	1	1	3	1	1	1	1	1	1		0	4	1	4	1	4	1	1	1	4	2	1	1	22	98		1		1	4	7	71		2	1	4	3	2	12	0.934429795179997
690	2	1	1	17	3	2	1	2	1	2	2	1	1	2	2	1	1	1	1	1		0	4	2	4	1	4	4	1	2	4	2	3	1	1			3	1		5	4	63		2	2	1	2	1	26	1.066781099
691	2	2	2	15	3	3	3	1	2	1	2	1	2	1	2	1	1	1	2	1		4	0	4	2	4	1	2	1	3	1	1	3	1	21			2		1	2	7	45		1	2	1	4	2	34	0.576984409475001
696	2	2	2	20	1	2	3	3	9	1	3	1	9	1	1	1	1	1	9		2	9	9	2	5	2	9	2	1	1	1	1	2	9				3	3		4	9	43		1	1	1	9	2	18	1.736485716
698	2	2	2	3	2	2	3	3	2	1	2	1	2	1	1	1	9																					4	2		3	7	24		2	2	1	3	1	6	0.563179525
702	2	2	2	1	4	4	3	3	2	1	1	2	3	2	2	2	2																					4	2		2	7	40		2	2	1	3	1	12	0.400304182
706	2	2	2	13	4	9	2	2	9	9	9	9	2	2	1	1	1	5				4	4	4	4	4	4	4	3	2	4	2	3	1	1	11		3	2		1	7	31		2	2	1	1	1	42	0.569293064
710	1	1	2	20	1	1	1	1	1	1	1	1	2	2	3	1	1	1	1	1		0	4	1	4	1	4	1	1	1	4	2	1	1	1			1		1	5	8	78		2	2	1	2	2	13	0.48122307688
711	1	2	2	20	1	3	3	3	2	2	2	2	2	1	1	1	1	1	2	1		4	0	4	1	4	1	1	1	3	1	1	1	4				2		1	4	7	83		2	2	1	2	1	45	0.431497695025
714	2	2	2	3	1	4	3	3	2	2	2	2	2	1	1	2	1	1	6	2	2	4	3	4	4	4	3	4	1	3	1	1	4	1	12			4	2		1	5	26		2	1	1	3	2	51	2.752153021
729	1	1	1	3	4	1	2	2	1	3	1	2	3	2	3	1	1	1	1	1		0	4	1	4	1	4	1	1	3	4	2	3	2	1			1		1	5	3	63		2	2	1	1	1	42	1.21423380918
730	2	9	2	13	2	2	2	2	1	2	3	1	1	9	5	1	1	4	7		3	4	4	3	4	2	3	5	3	2	4	3	4	3				3	3		9	3	28		2	2	2	4	1	36	2.363739791
731	1	9	2	1	2	2	2	2	2	2	2	2	2	2	3	2	1	1	1	1		0	4	2	5	2	3	2	2	3	4	2	2	1	32			1		2	3	3	53		2	2	1	2	1	42	1.67129209702
733	2	1	1	13	2	2	1	1	1	1	1	1	3	2	2	1	1	1	1	1		0	4	1	4	1	4	1	1	1	4	2	1	3				1		1	5	3	47		2	2	1	3	1	13	1.38633449332
738	2	2	2	20	1	2	3	1	2	1	3	1	2	3	2	2	1	1	2	1		4	0	4	2	3	2	2	1	3	3	1	2	2	21	22		3	2		3	6	50		1	2	1	4	1	37	0.769144591
741	2	2	2	20	1	4	3	1	2	1	2	2	3	1	1	2	1	1	2	1		4	0	4	2	4	2	1	1	3	1	1	1	2	21			2		1	3	7	99	3	2	2	2	2	2	1	0.4894842605
743	2	2	2	20	1	4	3	3	2	1	2	1	2	1	2	2	1	1	2	1		4	0	4	3	4	2	3	1	2	1	1	2	2	21	22		4	2		1	7	33		2	2	1	2	1	17	0.490156718
744	2	1	2	13	3	2	1	1	3	1	2	1	2	2	1	2	1	1	1	1		0	3	3	3	2	4	2	1	3	2	2	3	2	21	1	11	3	1		4	7	31		1	2	1	4	2	48	0.606270913
748	2	2	2	3	1	3	3	3	2	3	3	3	2	1	2	2	1	2	8		3	4	2	4	3	2	3	3	2	3	2	1	2	2	99			3	2		2	7	32		1	2	1	3	2	44	0.664051325
749	2	2	2	3	2	3	3	1	2	1	2	2	2	1	3	2	1	1	2	2		4	2	4	2	4	2	4	1	1	3	1	2	3				2		2	1	5	18		2	2	1	3	1	26	1.29274793545
756	2	1	2	3	4	4	2	2	1	1	1	2	2	2	1	1	1	1	1	1		0	4	1	4	1	4	1	1	3	3	2	2	2	1			1		1	4	5	46		1	2	1	3	2	24	1.0599470035
758	2	2	2	20	2	4	3	1	2	1	3	1	2	1	1	2	1	1	2	1		4	0	4	2	4	2	2	1	3	2	1	3	2	21			3	2		3	7	45		1	2	5	4	2	42	1.59173279
761	2	1	1	20	1	3	1	2	1	2	2	1	2	2	1	2	1	1	1	1		0	4	2	4	2	4	3	1	3	3	2	3	2	1	32		1		2	3	7	40		1	2	1	4	1	34	0.4729339958
762	1	2	2	20	1	4	3	1	2	1	2	1	2	1	1	2	1	1	2	1		4	0	4	1	4	1	3	1	1	4	1	4	1	12			2		1	3	8	68		2	2	1	9	1	34	0.520190971675
764	1	2	2	3	1	4	3	3	2	1	2	2	2	1	1	1	1	1	2	1		4	0	4	1	4	1	1	1	1	1	1	1	1	21			2		1	3	3	66		2	2	1	2	1	42	1.269989443275
765	1	2	2	20	1	2	3	3	2	2	2	2	2	1	1	2	1	1	2	1		4	0	4	1	4	1	3	1	3	1	1	3	1	21			2		1	1	3	62		2	2	2	3	2	12	1.19502236085
769	2	1	1	10	3	4	1	2	1	2	1	1	1	2	3	1	1	1	1	1		0	4	1	4	2	4	2	1	1	4	2	2	2	1			1		1	5	3	74		2	2	1	2	1	37	1.00720527236
771	2	1	3	20	1	9	9	9	1	1	2	2	3	1	3	1	1	2	8		9	1	3	2	3	1	3	3	1	2	4	2	3	2	99			3	3		5	3	99	3	2	2	1	9	2	26	1.244345747
772	2	2	2	17	1	4	3	1	2	2	2	2	2	1	2	1	2																					3	2		3	7	37		1	1	3	3	1	22	0.777303027
774	2	9	3	13	3	1	1	2	3	3	3	1	3	2	1	3	1	1	3	2	1	2	3	3	3	2	4	4	2	2	4	2	4	3				3	3		9	7	55		2	2	1	4	1	23	0.507503387
785	2	1	1	15	1	2	1	1	1	1	2	1	3	1	3	2	9																					3	1		3	7	34		1	2	3	9	2	51	1.557568902
789	2	1	2	20	1	3	3	3	2	1	2	1	2	1	2	1	2																					1		2	3	3	60		2	2	1	3	1	18	1.04544547702
792	2	2	2	5	4	4	3	1	2	1	2	2	2	1	3	1	1	1	2	1		4	0	4	2	4	2	1	1	3	1	1	1	2	21			2		1	1	8	77		2	2	2	4	1	29	0.435568408725
796	2	2	2	20	1	4	3	1	2	1	2	2	2	1	1	2	1	1	2	1		4	0	4	2	4	2	5	1	1	1	1	2	1	12			3	2		3	8	55		2	2	1	9	1	6	0.502053397
800	1	1	1	15	2	1	1	1	1	1	2	1	1	3	3	1	1	1	1	1		0	4	1	4	1	4	1	1	3	4	2	3	1	1			1		1	9	5	70		2	2	1	8	2	1	0.870958737879998
802	1	9	1	1	2	3	3	3	2	1	2	1	2	1	3	2	1	1	3	2	1	2	3	3	3	2	2	4	1	3	1	1	2	3				3	1		3	6	22		2	2	1	1	1	26	1.261217498
816	2	9	2	20	2	4	1	3	3	2	2	1	2	1	1	1	1	1	3	2	3	4	4	4	4	4	4	4	1	2	4	1	4	2	98			1		2	3	7	46		2	2	1	9	2	12	0.45759572474
817	2	1	2	20	4	3	1	2	2	2	1	9	2	2	2	1	1	1	8		1	2	3	5	5	2	3	2	2	1	4	2	1	4				3	1		3	7	46		1	2	1	9	2	39	0.484662346
818	1	1	1	30	4	1	1	1	1	1	1	1	1	1	3	1	1	1	1	1		0	4	1	4	1	4	1	1	1	4	2	2	1	99			1		1	1	8	83		2	2	1	2	2	18	0.49949350304
821	2	2	2	13	1	4	3	1	2	1	2	2	2	1	3	2	1	1	2	2		4	1	4	1	4	1	1	1	1	2	1	1	1	12			3	2		2	3	68		2	2	1	4	2	9	1.445246748
825	2	2	2	2	2	4	3	3	2	1	2	1	2	1	5	1	2																					4	2		3	2	18		2	2	5	2	1	26	4
826	1	2	2	20	1	4	3	3	2	2	2	1	2	1	1	2	1	1	2	1		4	0	4	5	4	2	4	1	1	4	1	1	3				1		1	5	8	56		2	2	2	2	2	47	0.4679947076
828	2	2	2	3	2	4	3	1	2	1	3	1	2	1	1	2	1	1	2	2		4	2	4	3	4	4	3	2	2	3	1	2	3				2		2	2	5	46		2	2	1	2	2	21	0.919597137475001
837	1	2	2	20	1	3	3	3	2	2	2	3	2	1	1	1	1	1	2	1		4	0	4	1	4	1	4	1	1	2	1	2	2	12			2		1	1	7	54		2	2	1	4	1	47	0.41031178655
840	1	2	2	20	2	3	3	1	2	1	2	2	3	1	2	2	1	2	2	1		4	0	4	2	4	2	3	2	3	1	1	2	2	99			2		1	3	6	66		2	2	1	1	2	39	0.945537522800002
842	1	2	2	9	1	4	3	1	2	1	2	2	2	1	1	1	1	1	2	1		4	0	4	1	4	2	1	1	1	1	1	1	2	21			2		1	3	6	70		2	2	1	3	2	21	0.91095174115
846	2	1	3	2	4	4	9	1	3	3	3	2	4	2	2	2	2																					9	1		5	7	40		1	2	1	3	1	12	0.400304182
847	2	2	2	20	1	4	3	3	2	1	2	2	2	1	1	3	1	2	2	1		4	0	4	1	4	1	1	1	3	1	1	1	4				3	1		1	7	73		2	2	1	9	2	25	0.591976819
850	2	2	2	18	2	2	3	3	2	1	2	1	2	1	1	2	1	1	8		2	4	2	4	2	3	2	3	1	2	4	1	2	2	21			2		1	1	7	39		1	2	2	3	1	5	0.41
852	2	2	2	20	1	3	3	1	2	1	2	3	2	1	2	1	1	1	2	1		4	0	4	2	3	2	2	1	3	1	1	1	2	21	22		3	2		3	5	66		2	2	1	3	2	1	0.888733406
853	1	2	2	20	1	3	3	3	2	1	3	2	2	2	1	1	1	1	2	1		4	0	4	1	4	2	2	1	3	1	1	2	1	11	12		2		1	1	7	82		2	2	1	9	2	55	0.5224294292
854	1	2	2	20	1	3	3	1	2	1	2	2	2	1	1	2	1	1	2	1		4	0	4	1	4	1	1	1	3	2	1	2	1	21			2		1	3	3	75		2	2	1	2	1	23	1.269989443275
859	2	2	2	2	2	4	3	1	2	1	3	2	2	2	2	2	1	1	2	1		4	0	4	2	4	2	2	1	3	4	1	1	3				4	2		3	6	67		2	2	1	4	1	21	0.761913642
861	2	1	1	3	4	9	2	2	1	2	3	2	2	2	2	1	1	1	1	1		0	4	2	4	1	2	4	1	3	1	2	2	3				1		1	4	7	63		2	2	1	3	1	55	0.42821718086
863	1	1	1	30	3	2	9	1	1	1	1	1	9	3	3	1	1	2	1	2		1	3	1	4	2	3	2	1	3	4	2	2	2	28			1		1	3	6	50		2	2	1	3	2	23	1.0599470035
865	2	2	2	20	1	4	3	3	2	1	2	1	2	1	1	3	1	1	2	1		4	0	4	2	4	2	2	1	3	3	1	3	2	11	21		2		2	3	8	46		2	2	1	4	2	55	0.49677890465
866	2	1	3	9	2	2	1	1	1	1	3	1	1	1	2	1	1	1	1	1		0	4	1	5	1	9	1	1	3	4	2	2	1	98			1		1	5	4	55		2	1	4	1	1	39	2.03002609208
870	1	2	2	3	1	4	3	3	2	2	2	9	2	1	2	2	1	2	2	1		4	0	4	1	4	1	3	1	3	2	1	3	1	21	12		3	2		3	7	74		2	2	1	2	1	1	0.420973361
877	2	1	2	20	5	2	1	2	1	2	2	2	3	2	1	1	1	1	1	1		0	4	1	4	1	4	1	1	1	4	2	4	1	1			4	1		1	5	45		2	2	1	1	2	26	0.931230395
880	2	2	2	20	1	4	3	3	2	1	2	2	2	1	3	2	1	1	2	1		4	0	4	2	4	2	2	1	1	2	1	2	1	21			2		1	3	5	69		2	2	2	1	1	26	0.788329009824998
881	2	1	2	20	1	2	3	3	2	2	2	2	1	1	3	3	1	1	1	1		0	4	2	4	1	4	3	1	1	4	2	2	2	99			4	1		4	5	75		2	2	1	2	2	39	0.922475632
883	2	2	2	20	1	3	3	1	2	1	2	1	2	1	3	2	1	1	2	1		4	0	4	3	4	3	1	1	3	2	1	2	3				2		1	1	7	24		2	2	1	1	1	26	0.50241063595
894	2	9	2	1	3	2	2	2	2	2	2	2	2	2	2	1	1	1	1	2		2	3	2	5	2	3	3	2	3	4	2	2	2	1			1		2	3	8	42		1	2	1	3	1	48	0.43178307746
897	2	2	2	20	2	4	3	3	2	2	2	1	2	1	3	1	1	1	3	1	2	4	4	3	5	4	3	4	1	1	1	3	2	2	33			3	3		3	7	24		2	2	1	3	1	19	0.490156718
898	2	2	2	13	2	4	3	3	2	1	2	1	3	1	1	2	1	1	2	1		4	0	4	1	4	2	5	1	2	4	2	4	1	32			3	2		3	8	29		1	2	2	2	2	22	0.535687871
901	2	1	1	20	4	2	1	1	1	1	2	2	1	2	3	1	1	1	8		1	1	4	1	4	2	3	1	1	3	4	2	2	1	98			1		1	5	5	63		2	9	1	2	2	48	0.958621126539998
902	2	9	2	20	4	4	1	2	1	2	2	2	2	2	3	1	1	1	1	1		0	4	1	4	1	4	2	1	1	4	2	2	3				1		1	4	3	54		2	2	1	3	1	22	1.38633449332
904	1	1	2	19	4	1	2	2	1	3	3	1	1	3	3	1	1	2	1	1		0	4	1	4	1	4	1	1	3	4	2	4	1	1			1		9	5	6	56		1	1	1	3	2	48	1.86143222230001
908	2	1	2	1	4	1	2	2	1	2	1	2	1	2	3	3	1	1	1	1		0	4	2	4	2	4	3	1	3	4	2	4	1	1			3	1		5	5	42		1	2	1	3	1	22	0.769144591
916	2	2	2	15	1	4	3	3	2	2	2	3	2	2	1	2	1	1	6	1	2	4	4	4	3	4	3	2	1	2	3	1	4	1	21			2		1	2	4	28		1	1	5	3	1	48	4.1
918	2	1	2	13	3	1	1	1	1	1	1	1	4	2	2	2	1	1	1	2		1	4	2	4	1	4	3	1	3	1	2	3	2	1			3	1		4	6	54		1	2	1	3	1	19	0.79834643
919	1	2	2	20	1	4	3	3	2	2	2	2	2	1	3	2	1	2	2	1		4	0	4	4	4	2	2	1	1	4	1	2	2	12			3	2		2	8	55		2	2	1	4	1	48	0.463344519
923	2	1	3	20	3	1	1	2	1	2	1	1	1	2	1	1	1	1	1	1		0	4	1	4	1	4	1	1	1	4	2	3	1	1			1		1	2	3	47		1	9	1	2	1	48	1.5258696824
927	2	2	2	13	1	3	3	3	2	2	2	2	2	1	2	1	1	1	8		2	3	2	4	3	3	3	3	1	2	3	1	1	4				1		9	3	8	30		2	1	1	4	1	48	0.9890705811
930	2	2	2	20	1	4	3	3	2	1	2	1	2	1	1	1	1	1	2	1		4	0	4	1	4	2	1	1	1	4	2	2	1	99			4	2		2	7	66		2	2	2	1	2	22	0.47754562
936	2	2	2	1	1	4	3	3	2	2	2	2	2	1	1	4	1	1	6	1	2	3	3	4	5	4	3	3	1	1	3	1	4	3				4	2		3	3	21		2	2	1	4	1	19	2.092686812
941	2	1	1	20	2	4	1	1	1	1	2	9	1	2	3	1	1	1	1	1		0	4	1	4	1	4	1	1	3	3	2	2	2	22	21	28	1		1	5	6	79		2	2	1	2	2	29	0.90402611936
948	1	1	2	13	3	1	1	2	1	2	1	1	1	9	3	1	1	2	1	1		0	4	1	4	1	4	1	1	1	4	2	2	2	1			1		1	5	3	45		2	2	1	3	1	22	1.38633449332
950	1	2	2	29	2	2	3	3	3	3	3	3	3	2	1	1	2																					3	1		4	8	27		1	2	1	3	2	5	0.55082966
952	2	1	1	1	4	2	1	3	1	2	1	1	3	1	3	1	2																					3	1		4	6	49		2	2	1	3	1	29	0.79834643
957	2	9	2	13	1	4	3	3	2	1	2	1	3	1	2	2	1	1	2	1		4	0	4	3	4	2	2	1	3	4	1	2	3				3	2		3	5	28		2	2	1	3	1	48	1.337383637
966	2	1	1	11	4	1	2	2	1	1	1	1	1	3	3	1	1	1	1	1		0	4	1	4	1	4	1	1	3	3	1	2	3				1		1	4	4	48		2	2	1	2	1	27	1.43896896248
967	2	1	1	15	4	2	3	3	2	3	1	2	3	1	3	1	1	1	8		9	9	9	2	2	2	2	1	1	3	9	2	1	4				1		2	3	8	31		1	2	1	3	1	29	0.48035358364
977	2	9	2	1	2	2	2	1	1	1	1	1	3	2	3	2	1	1	9		9	9	9	5	5	9	9	2	1	3	4	2	2	2	32			4	9		9	5	49		1	2	1	1	2	29	0.931230395
981	1	2	2	3	1	4	3	3	2	3	2	2	2	1	2	2	2																					4	2		4	3	75		2	2	9	9	2	48	1.517559413
986	1	2	2	1	1	4	3	3	2	1	1	9	2	1	3	1	1	1	2	1		4	0	4	1	4	2	1	1	3	1	1	2	3				4	2		2	7	61		2	2	1	3	2	20	0.509687248
990	2	2	2	5	1	4	3	3	2	2	2	3	2	1	3	1	2																					3	2		2	7	27		2	2	1	2	1	12	0.472227813
994	1	1	1	20	2	2	3	3	1	9	2	9	2	1	3	1	1	1	1	1		0	4	2	4	1	4	1	1	3	4	2	2	2	1			1		1	5	7	77		2	2	1	4	2	29	0.49949350304
996	1	2	2	30	2	3	3	1	3	1	2	3	3	9	3	1	1	2	8		3	1	4	3	4	2	4	4	1	2	4	2	3	1	99			3	1		3	7	88		2	2	1	9	1	27	0.436956307
997	1	1	1	17	2	2	1	1	1	1	2	1	3	1	2	1	1	1	1	1		0	4	2	4	1	4	2	1	3	4	2	3	2	1			1		1	5	7	59		2	2	1	4	2	22	0.48122307688
999	2	1	1	20	1	3	3	3	2	2	2	1	2	1	1	1	1	1	1	1		0	4	2	4	1	4	2	1	3	4	2	2	1	21			1		1	5	3	82		2	2	1	9	1	48	1.10858093528
1000	1	2	2	20	1	4	3	3	2	2	9	2	2	1	2	1	1	1	2	1		4	0	4	2	4	2	9	1	2	1	1	1	4				2		1	2	7	57		2	2	1	3	2	48	0.553979444775
1003	1	2	2	20	2	4	3	3	2	2	2	2	2	1	3	2	1	1	2	1		4	0	4	2	4	2	2	1	1	2	1	2	2	21			1		2	4	7	72		2	2	1	3	2	19	0.49949350304
1004	1	2	2	7	1	3	3	3	2	9	2	2	3	1	1	1	1	1	2	1		4	0	4	1	4	1	3	1	1	4	1	2	1	21			2		1	3	3	75		2	2	1	1	2	19	1.275454390675
1005	1	1	3	9	3	2	1	1	1	1	1	1	1	2	2	2	1	1	1	1		0	4	1	3	1	4	2	1	1	4	2	3	1	98			1		1	5	7	70		2	2	1	9	2	22	0.48122307688
1006	1	2	2	20	2	4	3	3	2	3	2	1	2	1	9	2	1	1	2	1		4	0	4	2	4	2	3	1	1	4	1	1	4				2		1	5	3	83		2	2	1	2	1	29	1.093450626475
1007	2	1	1	20	4	1	2	2	1	2	3	3	1	2	4	1	1	1	1	1		0	4	1	4	1	4	1	1	1	4	2	3	1	1			1		1	5	7	56		1	2	1	3	1	27	0.42821718086
1012	2	9	9	20	1	3	3	3	2	9	2	9	3	9	1	2	1	1	8		9	3	3	4	4	4	4	4	2	3	1	1	1	2	99			3	3		3	7	47		1	2	1	3	2	49	0.513931571
1013	2	1	1	20	3	1	3	1	1	2	1	2	2	2	3	2	1	1	1	1		0	4	1	4	1	4	1	1	1	1	2	3	2	22			1		1	5	9	99	3	2	2	1	9	2	4	0.929315277100002
1014	2	2	2	3	2	2	3	1	2	1	2	1	2	1	3	2	1	1	4	1	2	4	1	4	3	4	3	4	1	2	1	1	2	2	12			1		2	3	6	30		2	2	1	1	2	8	1.52879000988
1015	1	2	2	20	1	4	3	3	2	2	2	1	2	1	1	2	1	1	2	1		4	0	4	1	4	1	1	1	1	1	1	1	2	12			2		1	1	8	68		1	2	1	4	1	4	0.474928131975
1017	2	1	2	4	3	3	1	3	2	2	2	1	3	2	2	2	2																					1		1	5	6	23		2	2	1	1	1	49	1.31063596426
1019	1	1	1	2	4	1	1	1	1	1	1	9	1	3	3	1	1	1	1	1		0	4	1	4	1	4	1	1	3	4	2	1	1	1			1		1	4	4	82		2	2	1	2	1	49	1.10858093528
1022	2	2	2	15	1	4	3	3	2	2	2	1	3	1	1	1	1	1	2	1		4	0	4	1	4	2	3	1	1	1	1	1	2	12			2		1	2	5	29		1	1	4	2	2	4	3.10488741945
1024	2	2	2	20	5	2	3	1	2	1	2	2	1	9	3	1	2																					2		1	3	2	56		2	2	1	1	2	30	1.3524803086
1026	1	1	1	17	3	2	1	2	1	2	2	2	1	2	3	1	1	1	1	1		0	4	1	4	1	4	2	1	1	4	2	3	1	1			1		2	5	7	73		2	9	9	9	1	4	0.5222383054
1029	1	2	3	20	1	2	3	3	2	3	9	2	3	2	2	1	1	2	9		3	3	2	4	3	4	2	3	3	2	3	1	2	3				3	3		3	3	51		2	2	1	9	2	32	1.816172619
1030	2	1	1	30	2	2	1	1	1	1	2	1	3	2	3	1	1	1	1	1		0	4	1	4	1	4	1	1	1	4	2	4	1	1			3	1		3	6	29		1	2	1	4	1	16	1.337383637
1031	2	1	1	18	4	1	1	2	1	2	1	1	1	2	1	1	1	1	1	1		0	4	1	4	1	4	4	1	1	1	2	3	1	1			4	1		5	3	39		1	2	1	3	1	8	1.55700988
1034	1	1	2	10	2	4	9	9	1	2	9	1	3	2	3	1	1	1	1	1		0	4	2	4	1	4	1	1	1	1	9	3	2	1			1		1	5	5	51		2	2	1	2	1	53	0.8989372175
1038	1	1	2	20	3	2	1	1	1	1	2	1	3	2	3	1	1	1	1	1		0	4	2	4	1	4	4	1	1	4	2	4	1	1	21	22	4	1		3	3	67		2	2	1	2	1	2	1.225708535
1040	2	1	1	30	2	2	1	2	1	2	1	1	1	2	3	1	1	1	1	1		0	4	5	4	1	4	1	1	3	1	2	2	1	33			4	1		3	6	51		2	2	9	3	1	41	1.054974356
1041	1	2	2	1	1	4	3	3	2	1	2	2	2	1	1	2	1	1	2	1		4	0	4	2	4	2	2	1	3	2	1	1	2	21			2		1	3	7	66		2	2	2	3	2	6	0.583759587725002
1045	1	2	2	20	1	4	3	3	2	2	1	3	2	1	1	4	1	1	6	1	2	4	3	4	4	4	4	4	1	9	1	1	1	1	12	21	22	3	2		1	6	36		2	2	1	8	1	6	0.917282875
1046	1	1	1	17	4	1	1	2	1	2	1	1	2	2	3	1	1	1	1	1		0	4	1	4	1	4	1	1	3	3	2	2	2	99			3	1		4	8	70		2	2	1	4	1	6	0.502053397
1047	2	1	1	17	3	1	1	1	1	1	1	2	1	2	3	1	1	1	1	1		0	4	2	4	1	4	1	1	1	4	2	3	1	1			1		2	3	6	31		2	2	1	4	1	6	1.4201295395
1048	1	2	2	2	1	4	3	1	2	3	2	2	2	1	1	1	1	1	2	1		4	0	4	1	4	2	1	1	1	2	1	3	1	12			2		1	3	6	51		2	2	1	2	1	6	0.940214946875002
1051	1	2	2	17	2	4	3	1	2	1	2	1	2	1	1	3	1	1	2	1		4	0	4	2	4	1	4	1	9	1	1	4	1	11	21		2		1	1	7	75		2	2	1	4	2	6	0.600260176100002
1055	2	1	2	13	2	1	1	2	1	2	2	2	3	2	1	1	1	1	1	1		0	4	2	4	1	3	2	1	3	4	2	2	2	22			1		1	4	8	34		1	1	1	4	2	6	1.25008320486
1058	2	1	3	20	2	1	3	3	3	3	3	3	3	3	3	1	2																					3	1		4	5	21		2	2	1	1	1	48	1.337383637
1059	2	2	2	14	2	3	3	1	2	1	1	2	9	1	2	2	1	2	2	1		4	0	4	1	4	1	1	1	3	1	1	1	2	12			2		1	3	5	73		2	2	1	1	2	41	1.086402273425
1060	2	2	2	28	2	4	3	1	2	1	2	2	2	9	1	2	1	3	8		1	4	4	3	5	3	9	4	3	2	1	1	3	1	22	21		4	3		9	3	37		2	2	1	2	1	41	1.687086106
1062	1	1	1	20	2	2	1	2	1	2	3	1	3	2	5	1	1	1	1	1		0	4	1	4	1	4	1	1	3	1	9	1	3				1		1	5	7	83		2	2	1	2	2	6	0.57390729032
1064	2	9	2	1	3	4	1	2	1	2	2	2	4	2	3	2	1	1	1	1		0	4	2	4	2	4	2	1	1	4	2	3	2	1	22		1		2	4	7	33		2	1	3	3	2	6	1.25008320486
1065	1	2	2	3	3	3	3	2	2	2	2	2	2	2	1	2	1	1	6	2	3	3	3	3	3	3	3	4	3	2	4	1	3	2	98			4	3		3	8	26		2	2	1	4	2	6	0.656920194
1066	2	1	1	20	2	2	1	2	1	2	2	1	1	2	1	1	1	1	1	1		0	4	2	3	1	4	1	1	1	3	1	2	3				1		1	5	6	53		2	2	1	4	1	6	0.8989372175
1067	1	1	2	20	2	1	1	1	1	1	1	1	1	2	3	1	1	1	1	1		0	4	1	4	1	4	1	1	1	3	2	2	2	1			1		1	5	6	64		2	2	1	2	2	6	1.03870656386
1068	2	2	2	20	1	4	3	1	2	1	2	2	2	1	1	3	1	1	2	1		4	0	4	1	4	1	2	1	1	1	1	1	4				2		1	3	8	38		1	2	1	4	1	6	0.48933838865
1069	1	2	2	20	1	4	3	1	2	1	2	2	2	1	3	1	2																					2		1	3	8	44		1	2	1	4	1	6	0.48933838865
1070	2	1	2	20	3	2	2	2	1	2	2	2	3	2	3	1	1	1	1	1		0	4	2	3	2	3	3	1	3	1	1	2	3				3	1		3	5	49		1	2	1	4	2	41	1.069963692
1072	1	2	2	20	2	4	3	3	2	2	2	2	2	1	1	2	1	1	2	1		4	0	4	3	4	2	2	1	1	2	1	2	1	98			2		1	1	3	68		2	2	1	2	2	2	1.4654696584
1080	2	1	2	13	4	1	2	2	1	2	1	1	3	2	3	1	1	1	1	1		0	4	2	4	2	4	2	1	3	4	2	4	1	33			3	1		5	7	43		1	1	1	4	1	15	0.927012636
1082	2	2	2	1	2	3	3	1	2	1	2	1	3	1	1	2	1	2	2	1		4	0	4	2	4	2	3	1	3	1	1	2	1	28			4	2		3	6	23		2	2	1	2	2	6	1.690314982
1083	2	1	2	13	2	3	1	1	2	2	2	2	2	2	3	2	1	1	6	2	3	2	3	5	4	3	3	3	3	3	1	1	4	2	99			3	3		3	5	21		2	1	4	2	1	6	2.813857612
1086	2	2	2	3	2	3	1	3	2	1	2	1	2	1	3	1	9																					2		2	2	5	27		2	2	1	1	2	41	1.73257285655
1091	1	2	2	30	2	4	3	1	2	1	2	1	2	1	3	2	1	1	2	1		4	0	4	2	4	1	3	1	3	4	1	2	2	21	28	98	2		1	2	8	78		2	2	2	4	2	6	0.583759587725002
1092	2	1	1	20	1	2	3	3	1	1	2	1	3	1	3	1	1	1	1	2		2	3	2	2	2	3	2	1	1	1	2	1	4				4	1		4	6	48		1	1	1	3	2	6	2.077635094
1098	1	2	2	1	1	4	3	1	2	1	3	3	2	2	1	1	1	2	2	1		4	0	4	2	4	1	3	1	1	1	1	2	2	21	22	28	3	2		3	7	65		2	2	1	4	2	15	0.585619684
1100	2	1	2	20	1	4	1	3	1	1	2	2	3	9	1	2	1	1	1	1		0	4	2	4	2	4	3	1	2	1	2	3	1	34			3	1		3	6	71		2	2	1	2	1	41	0.908659235
1104	2	2	2	30	1	2	3	3	2	1	2	2	2	1	3	2	1	1	2	2		3	2	5	2	4	2	2	1	3	1	1	2	2	21			3	1		3	7	52		2	2	3	4	2	6	1.574639451
1110	2	2	2	20	1	4	3	1	2	1	3	2	2	1	1	2	1	1	2	1		4	0	4	2	4	2	2	1	2	1	1	2	1	21	11		4	2		1	8	43		1	2	1	3	1	6	0.477403306
1112	2	1	2	20	3	2	1	2	1	2	3	1	1	3	3	1	1	1	1	1		0	4	1	4	1	4	1	1	1	3	2	2	3				1		2	3	5	56		2	1	4	9	2	6	2.01694059798
1114	2	2	2	20	2	4	1	1	2	1	2	2	2	1	1	2	1	1	2	1		4	0	4	1	4	1	2	1	1	3	1	3	1	12			2		1	2	8	55		2	2	2	4	2	6	0.583759587725002
1116	2	1	2	3	1	4	1	3	1	2	2	1	3	1	1	3	1	1	6	2	2	2	2	3	3	2	3	2	1	2	1	1	2	2	12			2		2	4	3	36		1	1	1	1	2	6	3.916761265575
1119	2	2	2	1	1	4	3	1	2	1	2	1	2	1	1	1	1	2	2	2		2	1	3	1	4	2	1	1	1	2	1	1	3				4	2		3	8	30		1	2	2	4	1	34	0.553643733
1121	2	1	1	20	2	1	1	1	1	1	1	1	3	9	3	2	1	2	1	1		0	4	2	3	2	4	2	1	3	4	2	2	3				1		1	3	4	67		2	2	1	3	1	45	1.00720527236
1130	2	1	1	6	3	2	1	2	1	2	2	9	2	2	2	1	1	1	9		9	9	9	5	5	9	9	2	1	3	4	2	9	9				3	3		3	7	46		2	9	1	4	1	39	0.415502388
1132	2	1	1	20	4	2	1	2	1	2	2	1	9	2	2	3	1	1	1	1		0	4	1	4	2	4	2	1	3	4	2	3	2	1			3	3		5	6	48		2	2	1	4	1	27	0.79834643
1134	2	2	2	20	1	3	3	3	2	1	1	3	3	2	3	2	2																					4	2		3	2	52		2	2	2	2	1	34	1.658520254
1138	2	1	1	1	3	2	1	2	1	2	1	1	1	2	3	1	1	1	1	1		0	4	2	4	1	4	1	1	3	4	2	2	1	1			3	1		4	7	48		2	2	1	3	1	17	0.415502388
1142	2	2	2	1	2	3	3	3	2	2	2	2	2	1	1	1	2																					3	1		3	5	21		2	2	1	4	1	55	1.261217498
1149	2	1	2	20	1	4	1	1	1	1	1	1	3	1	3	1	1	1	1	1		0	4	3	2	1	4	1	1	1	4	2	4	1	1			4	1		5	6	43		2	2	1	2	1	1	0.769144591
1152	2	2	2	20	3	3	1	1	2	1	2	1	1	2	4	1	1	1	3	2	2	4	1	3	2	2	2	4	1	1	4	1	1	4				2		2	3	7	48		1	2	1	4	1	18	0.4258899477
1154	2	2	2	4	1	4	3	1	2	1	2	2	2	1	1	1	1	1	2	1		4	0	4	1	3	1	3	1	1	1	1	2	1	21	22		2		1	2	7	49		1	2	1	4	2	42	0.576984409475001
1155	2	2	2	1	3	3	3	1	2	1	2	2	3	1	3	2	1	2	2	1		4	0	5	5	2	1	1	1	1	1	1	4	2	11			2		1	3	7	28		2	2	2	4	2	36	0.661942108475001
1163	2	1	2	10	2	1	1	1	1	2	1	1	1	2	5	1	1	1	1	1		0	4	1	4	1	4	1	1	1	4	2	2	2	32			2		1	1	8	53		1	2	2	4	1	51	0.41
1165	2	9	2	20	2	4	3	1	3	1	3	9	3	1	1	9	1	1	6	2	9	3	3	3	5	9	9	9	2	1	9	9	2	3				3	1		4	8	30		1	2	1	3	1	51	0.472227813
1167	2	2	2	20	1	4	3	3	2	1	2	3	2	1	2	2	1	1	2	1		4	0	4	1	4	1	2	1	1	1	1	2	1	11	12		2		1	3	6	54		2	2	2	4	2	51	0.894318276899998
1173	2	9	2	20	1	1	3	2	2	2	2	2	4	1	3	1	1	1	8		1	1	4	2	4	1	4	4	1	2	1	2	4	1	98			1		2	3	6	26		2	1	1	1	1	26	2.40002792624
1181	2	1	1	13	2	1	1	1	1	1	3	1	3	1	3	1	1	1	1	1		0	4	2	3	1	4	3	1	3	4	2	2	2	22			1		2	5	7	28		1	2	1	3	1	39	0.48035358364
1183	2	2	2	9	1	3	3	1	2	1	2	1	2	1	1	2	1	1	2	1		4	0	4	2	4	1	2	1	1	1	1	2	1	12			2		1	1	7	23		2	2	1	3	1	6	0.577259013124998
1190	2	2	2	18	4	4	3	3	2	2	2	9	2	9	3	2	2																					2		1	1	5	87		2	2	1	2	2	45	0.91095174115
1191	2	1	2	20	2	3	3	3	2	2	2	1	3	1	3	1	1	1	8		9	3	3	2	3	2	3	4	1	2	4	2	2	4				3	3		3	8	54		2	2	1	4	1	13	0.400304182
1192	2	2	2	20	2	2	3	1	2	1	2	1	2	1	1	1	1	1	2	1		4	0	4	1	4	2	2	1	1	1	1	2	2	21			2		1	2	7	27		2	2	3	4	1	25	1.650021897525
1193	2	2	2	4	2	4	3	3	2	2	2	1	2	1	3	2	1	1	2	1		4	0	4	2	4	2	3	1	3	3	1	2	3				3	2		2	8	41		1	2	1	4	1	29	0.415502388
1203	2	1	1	20	1	2	1	1	1	1	2	1	3	9	5	1	1	1	1	1		0	4	2	3	2	2	1	1	1	4	2	2	4				1		1	5	8	41		2	2	1	3	1	48	0.43178307746
1204	2	2	2	1	1	3	3	1	2	1	2	1	2	1	2	2	2																					2		2	2	7	27		2	2	1	2	2	36	0.680652608124998
1207	2	2	2	20	2	4	3	1	2	1	2	1	2	1	2	1	1	1	2	1		4	0	4	2	4	2	3	1	2	3	1	1	2	21			3	1		3	7	44		1	2	1	4	2	36	0.562911619
1208	2	2	2	18	2	2	3	3	2	2	2	1	2	1	2	1	2																					4	3		3	7	36		1	2	2	4	2	4	0.499804076
1215	2	2	2	20	1	4	3	3	2	1	2	2	2	1	1	1	1	2	2	1		4	0	4	1	4	1	1	1	1	2	1	1	3				2		1	3	4	47		2	2	1	2	1	37	1.44999270985
1217	2	2	2	15	1	4	3	3	2	2	2	2	2	1	1	1	1	3	7		2	4	3	5	5	4	4	2	3	3	1	1	4	1	98			3	3		4	6	31		1	2	2	3	2	13	1.378373266
1229	2	1	2	16	4	4	2	1	1	1	2	2	2	2	5	9	1	2	1	1		0	4	5	5	1	4	1	2	3	4	2	3	1	1			1		2	3	3	27		2	2	1	4	1	13	1.97581789972
1231	2	1	1	20	2	2	1	1	1	1	1	2	3	1	3	1	1	1	1	1		0	4	1	3	2	4	2	1	1	4	2	3	2	22	21		1		1	4	7	22		2	2	1	3	2	13	0.5398130668
1234	1	2	2	3	1	4	3	1	2	1	2	2	3	2	5	1	1	2	4	2	1	2	2	4	3	3	3	3	2	2	4	2	2	2	2	12		3	1		4	3	58		2	2	9	3	2	36	1.662189821
1246	2	1	2	15	3	3	2	2	1	2	1	2	3	2	3	2	1	3	1	1		0	4	3	4	2	4	4	3	3	5	1	2	3				1		2	3	3	46		1	2	1	3	1	37	1.38633449332
1249	2	1	1	10	2	3	2	1	1	1	2	2	3	2	3	2	1	1	1	1		0	4	1	4	1	4	2	1	3	4	2	2	2	1			1		1	5	3	66		2	2	1	4	2	18	1.21945883206
1253	2	1	1	10	3	2	3	2	1	2	1	2	1	2	2	1	1	1	1	2		2	2	2	2	2	3	4	1	2	4	2	3	1	1	11		3	3		3	7	45		2	2	1	4	1	55	0.415502388
1261	2	1	2	18	3	2	1	2	1	1	1	3	1	2	3	1	1	1	1	1		0	4	2	4	2	4	5	1	3	4	2	3	1	1			4	1		4	6	48		1	2	1	3	1	29	0.79834643
1262	2	1	1	20	3	2	9	1	1	1	2	1	3	2	3	2	1	1	1	1		0	4	1	4	1	4	3	1	3	4	2	2	2	22	21		4	1		5	8	50		1	2	1	3	1	45	0.400304182
1263	2	2	2	2	2	3	3	1	2	1	2	1	2	1	3	2	2																					3	2		1	7	40		2	2	1	3	1	37	0.400304182
1267	2	1	2	10	3	1	1	1	1	1	2	1	1	9	1	1	1	1	1	1		0	4	1	4	1	4	1	1	1	4	2	3	1	22			1		1	5	7	99	2	1	2	1	4	1	45	0.39229809836
1281	2	9	2	20	2	4	1	3	1	1	2	1	2	1	3	1	2																					4	1		4	8	52		2	2	1	4	1	46	0.415502388
1282	2	1	9	30	3	1	1	1	1	1	2	1	3	3	2	1	1	1	1	1		0	4	2	4	1	4	2	1	3	4	2	3	1	3			1		2	4	5	51		1	2	1	4	1	29	0.782379501400001
1287	2	2	2	20	2	3	3	1	2	9	2	9	2	1	1	3	1	1	2	1		4	0	4	2	4	2	2	1	1	2	1	2	9				2		2	3	5	21		2	1	1	2	2	6	3.364276933975
1293	2	1	2	9	2	3	1	2	1	1	2	2	3	1	3	1	1	1	1	1		0	4	2	3	2	4	2	1	3	4	2	2	4				1		1	4	7	52		2	2	1	3	1	47	0.39229809836
1308	1	2	2	18	1	3	3	3	2	2	2	1	2	1	3	4	1	1	2	2		4	2	3	2	4	3	4	1	1	4	1	2	3				2		2	4	5	54		1	2	1	3	2	31	0.954511154875002
1316	2	2	2	20	1	4	3	1	2	1	2	2	2	1	2	1	1	1	2	1		4	0	4	2	4	2	3	1	2	1	1	2	2	21	22	34	2		1	3	8	49		2	2	1	4	2	17	0.49677890465
1327	2	2	1	3	1	3	3	1	2	1	1	1	2	1	3	1	1	1	2	1		4	0	4	2	4	2	5	1	3	2	1	1	4				2		1	2	7	34		2	2	1	3	2	17	0.586036384349997
1349	2	2	2	3	1	4	3	1	2	1	1	2	2	2	1	1	1	3	6	2	2	3	1	4	1	4	2	3	1	3	1	1	2	3				2		1	2	8	42		1	2	1	3	2	36	0.576984409475001
1363	2	2	2	20	2	4	3	1	2	1	2	2	2	1	2	1	1	1	2	1		4	0	3	2	4	2	3	1	2	1	1	3	1	12			4	1		3	6	36		1	1	1	4	2	34	2.100188652
1365	2	1	2	1	3	2	1	1	1	2	2	1	2	3	3	1	1	4	1	1		0	3	3	4	3	3	3	3	3	4	1	2	2	1	11		1		2	4	5	22		2	2	1	4	1	12	1.1907831089
1367	2	1	3	20	2	2	1	1	1	1	2	9	3	1	3	1	1	1	1	1		0	4	1	4	2	4	9	1	1	4	2	3	1	1			1		1	4	8	54		2	2	1	4	2	39	0.47496909908
1371	2	1	3	17	3	4	2	2	1	1	3	2	9	2	2	1	1	1	1	1		0	4	1	4	1	9	5	1	3	4	2	4	1	1			4	1		5	3	30		2	2	1	4	1	29	2.092686812
1372	2	2	2	1	1	4	3	3	2	2	2	2	2	1	1	1	1	1	2	1		4	0	4	2	4	2	4	1	2	2	1	1	4				1		1	5	8	47		1	2	1	4	1	47	0.39229809836
1375	2	2	2	13	2	3	3	3	2	2	2	2	2	1	4	2	1	1	6	2	2	4	3	4	3	3	2	4	3	3	2	1	2	2	98			3	2		2	7	20		2	1	1	3	1	48	1.009255695
1377	1	2	2	5	1	4	3	1	2	1	3	9	9	1	3	4	1	1	2	2		4	1	4	5	4	9	3	1	3	1	3	1	9				3	3		4	6	61		2	1	1	2	2	36	2.080444177
1378	1	2	2	2	1	4	3	3	2	2	2	2	2	1	3	2	1	1	2	1		4	0	4	2	4	2	2	1	1	1	1	1	2	11			3	2		2	5	51		2	2	1	3	2	13	0.897167939
1382	2	2	2	20	3	4	3	1	2	1	2	1	2	1	2	1	1	1	3	2	2	4	2	4	2	3	2	3	1	2	4	1	1	2	21			3	3		3	8	33		1	2	1	4	1	51	0.472227813
1393	1	9	3	7	1	4	3	1	3	1	2	3	9	1	1	1	1	1	8		3	9	9	5	5	2	3	3	2	2	4	2	2	2	99			1		2	3	8	61		2	2	1	4	2	36	0.580137282619999
1394	2	2	2	1	2	4	3	3	2	1	2	1	2	1	1	2	1	1	2	1		4	0	4	5	4	2	4	1	2	2	1	2	2	12			2		1	1	7	33		2	2	2	3	2	22	0.549080067775
1395	1	1	1	20	2	3	1	1	1	1	1	1	3	2	3	1	1	1	1	1		0	4	2	4	1	4	1	1	3	4	9	1	4				3	1		3	8	65		2	2	1	4	2	12	0.491043956
1396	2	1	9	1	1	4	1	1	2	2	2	1	2	1	4	2	1	3	8		1	3	4	5	5	2	3	3	3	2	1	1	2	3				4	1		2	7	22		2	2	3	3	1	36	1.609777461
1398	2	1	1	1	1	1	1	3	1	1	1	1	1	2	3	1	2																					1		1	5	2	54		2	1	1	2	1	47	2.69195788302
1400	2	1	2	13	3	2	1	2	1	1	2	1	2	2	2	1	1	1	1	1		0	3	2	2	2	2	1	1	3	4	2	2	3				2		1	3	8	45		1	2	1	4	1	42	0.49465035275
1416	2	1	2	9	4	3	2	2	2	2	1	2	1	2	3	2	2																					4	1		3	2	25		2	2	1	4	1	26	2.092686812
1420	1	2	2	20	1	4	3	1	2	1	2	3	2	1	1	2	2																					2		1	4	3	80		2	2	1	1	2	36	1.4813779167
1423	1	1	2	9	1	2	3	3	1	2	1	1	3	1	3	2	1	1	1	1		0	4	1	5	2	3	2	1	3	4	2	2	2	1			1		1	5	6	76		2	2	1	2	1	36	0.900152632120002
1429	2	2	2	20	1	4	3	3	2	1	2	2	2	1	1	2	1	1	2	1		4	0	4	2	4	2	2	1	1	2	1	2	2	28	22		2		1	2	8	32		2	2	1	2	1	36	0.583525390599999
1430	1	2	2	20	1	3	3	1	2	1	2	1	2	1	1	1	1	1	2	1		4	0	4	1	4	1	2	1	3	1	1	3	1	21	12		2		1	3	8	62		2	2	1	4	2	39	0.5224294292
1433	2	2	2	20	2	4	3	3	2	2	2	2	2	1	1	1	1	1	2	1		4	0	4	1	4	1	2	1	1	3	1	1	1	21			2		1	1	7	45		1	2	1	4	1	12	0.41031178655
1434	2	1	2	5	3	1	1	1	1	1	2	1	3	1	3	1	2																					3	1		3	4	30		1	2	1	3	1	48	2.219066182
1436	2	1	1	20	4	1	1	2	1	1	1	1	1	2	2	1	1	1	1	1		0	4	1	4	1	4	1	1	1	4	2	3	4				1		1	5	7	57		2	2	1	4	1	48	0.45407762862
1438	1	1	1	1	3	1	1	1	1	1	1	2	1	2	3	1	1	1	1	1		0	4	1	4	1	4	1	1	1	4	2	2	2	1			1		1	5	7	51		1	2	1	4	1	45	0.39229809836
1441	2	2	2	2	1	4	3	1	2	1	2	2	2	1	2	2	1	2	2	1		4	0	4	2	4	1	1	1	3	4	1	1	4				2		1	2	3	33		2	2	1	1	1	21	2.06654423185001
1459	1	2	2	20	2	4	3	3	2	2	2	2	3	1	2	2	1	2	2	2		4	2	3	5	4	2	4	2	2	9	1	3	2	21			3	2		3	6	59		2	2	2	2	2	1	0.864302961
1461	1	2	2	20	1	4	3	1	2	1	2	2	2	1	2	2	1	1	2	1		4	0	4	1	4	1	2	1	1	1	1	1	2	12			2		1	3	8	73		2	2	1	3	2	34	0.606776239475001
1483	2	1	2	4	4	2	1	2	1	1	1	1	1	2	3	1	1	1	1	1		0	4	1	4	1	4	1	1	1	4	2	9	1	1			3	3		3	3	47		1	1	9	4	1	9	3.311513391
1487	2	1	1	17	4	1	1	3	1	2	1	1	3	2	3	1	1	1	1	1		0	4	1	4	1	4	1	1	1	4	2	4	1	1			4	1		5	5	53		2	2	1	2	1	17	0.79834643
1489	2	1	2	20	3	1	2	2	1	2	1	2	2	2	1	1	1	1	1	1		0	4	1	4	1	4	1	1	1	4	2	3	1	21			1		1	3	3	35		1	2	1	3	1	48	1.5258696824
1490	2	2	2	14	1	4	3	3	2	2	2	2	2	1	3	4	1	1	6	1	2	4	1	4	1	4	1	2	1	1	1	9	4	1	12			4	3		2	8	98		9	9	9	9	1	39	0.502546937
1494	2	2	2	1	2	4	3	1	2	1	1	9	2	9	1	2	1	1	2	1		4	0	4	2	4	1	1	1	1	4	2	1	1	21			4	3		3	9	48		1	2	1	3	2	25	1.038656435
1495	2	1	2	17	4	1	1	2	1	2	2	2	1	2	1	1	1	1	1	1		0	4	1	4	1	4	1	1	1	4	2	2	2	31	28		1		1	5	8	40		2	2	1	3	2	34	0.55165338662
1504	2	2	2	18	4	3	2	2	2	2	2	2	2	1	3	2	1	1	3	1	2	4	3	4	3	4	3	4	1	3	4	1	4	1	12			4	2		3	7	41		2	2	1	4	1	5	0.400304182
1515	1	2	2	20	1	4	3	3	2	1	2	2	1	1	1	2	1	1	2	1		4	0	4	1	4	1	2	1	1	4	1	3	1	12			2		1	3	8	99	3	2	2	2	4	1	36	0.505891411925
1541	2	2	2	8	4	1	2	2	1	2	2	1	2	2	1	1	1	1	2	1		4	0	4	3	3	2	3	1	2	4	2	4	2	98			4	3		1	7	99	2	2	1	2	4	2	42	1.093051047
1545	1	2	2	20	1	3	3	3	2	1	2	2	2	1	3	1	1	1	2	1		4	0	4	1	4	2	1	1	3	2	1	3	1	28	98		2		1	3	7	53		2	2	2	3	2	37	0.465451295625
1552	2	2	2	2	1	4	3	1	2	1	2	3	2	1	2	3	1	1	2	1		4	0	4	3	4	2	4	1	2	3	1	2	2	21			3	2		1	7	27		2	2	2	3	2	42	0.645797179
1556	2	2	2	1	2	4	3	1	2	1	2	2	2	1	2	1	1	1	2	1		4	0	4	2	4	2	4	1	2	3	1	2	2	12	11		2		1	1	8	52		1	2	1	4	2	9	0.576984409475001
1557	2	2	2	9	1	4	3	3	2	2	2	9	2	1	1	9	1	1	8		2	4	1	4	5	4	1	9	1	3	3	1	9	1	99			3	3		3	8	99	3	2	2	2	3	1	48	0.450607614
1561	2	1	2	5	3	3	3	2	2	1	2	2	2	2	3	4	1	1	1	2		3	4	2	4	3	4	3	3	2	3	2	4	1	98			3	1		4	7	25		2	2	1	3	1	13	0.472227813
1568	2	2	2	3	1	4	3	1	2	1	2	2	2	1	2	1	1	1	2	1		4	0	4	1	4	1	1	1	1	9	1	1	1	21			2		1	2	5	69		2	2	2	3	2	51	0.885910535025002
1579	2	2	2	4	2	3	3	3	2	9	2	2	2	9	3	2	1	1	6	2	3	2	2	3	3	3	3	3	3	2	2	1	1	3				3	1		3	7	26		2	2	3	2	1	42	1.609777461
1581	2	2	2	15	1	4	3	1	2	1	2	2	2	1	1	2	1	1	2	1		4	0	4	2	4	2	2	1	3	4	1	2	3				3	2		2	5	46		1	2	2	3	1	36	0.901751381
1586	2	2	2	1	1	4	3	1	2	1	2	2	2	1	1	2	1	1	6	2	2	4	1	4	3	4	2	4	1	2	2	1	3	1	12			3	2		1	5	56		2	2	1	2	1	17	0.790840946
1592	1	1	1	20	3	1	1	1	1	1	1	9	1	2	3	1	1	1	1	1		0	4	1	1	1	4	2	1	3	2	2	3	1	1	98		1		1	4	7	61		2	2	1	4	2	18	0.49949350304
1594	2	2	2	20	1	3	3	3	2	2	2	1	2	1	1	2	1	1	2	1		4	0	4	2	4	1	1	1	1	3	1	2	2	21			3	2		3	5	39		1	2	1	4	2	48	0.987468295
1597	2	1	2	30	4	1	2	2	1	2	1	1	3	2	3	1	1	1	1	1		0	4	2	4	1	4	2	1	1	4	2	2	3				1		1	3	7	46		1	2	1	3	1	51	0.39229809836
1601	2	2	2	20	2	3	3	1	2	1	2	2	2	1	3	2	1	1	2	1		4	0	4	1	4	1	1	1	3	1	1	1	2	21			2		1	2	5	73		2	2	1	4	2	37	0.91095174115
1603	2	2	2	13	2	3	3	1	2	2	2	1	2	2	2	1	1	1	2	2		3	2	3	2	3	4	3	1	3	3	1	2	2	21			3	3		3	3	24		2	2	2	3	1	13	1.960718903
1607	2	2	2	20	2	4	3	1	2	1	2	2	2	1	2	2	1	1	2	1		4	0	4	2	4	2	2	1	3	1	1	2	3				4	2		1	8	39		1	2	1	3	1	42	0.48258571
1608	1	1	2	20	4	1	2	2	1	2	2	2	3	2	1	1	1	1	1	1		0	4	1	4	1	4	1	1	1	4	2	2	1	1			1		2	4	5	51		2	2	1	4	1	12	0.753761699179997
1611	2	1	1	30	2	2	2	1	1	1	2	1	3	2	3	1	1	1	9		9	9	9	1	4	1	4	4	1	1	1	2	3	1	98			4	3		3	3	99	3	2	2	9	1	2	12	1.378784168
1638	2	9	2	2	3	3	3	1	2	1	1	1	2	9	3	1	1	1	8		2	2	2	3	3	2	3	2	1	3	4	2	2	4				1		2	4	5	65		2	2	1	4	1	47	0.746675369160003
1639	2	2	2	20	2	4	9	3	2	2	2	2	2	2	3	1	1	1	6	1	1	4	4	4	4	4	4	4	2	2	1	1	1	4				1		2	4	7	61		2	2	1	4	1	12	0.41255389378
1641	2	2	2	4	1	4	3	3	2	1	2	2	2	1	2	1	1	1	2	1		4	0	4	3	4	2	4	1	2	1	3	2	1	12			3	3		3	8	42		1	2	1	4	2	25	0.562911619
1642	2	2	2	20	1	4	3	3	2	1	2	1	2	1	1	2	1	1	2	1		4	0	4	5	4	2	2	2	1	2	1	4	1	11			4	2		1	4	46		2	2	1	3	1	17	1.468335676
1643	2	2	2	20	4	4	1	3	2	1	2	1	2	1	3	1	1	2	2	1		4	0	4	3	4	2	2	1	3	4	2	2	3				4	9		9	6	50		2	2	1	3	1	36	0.927240346
1647	2	1	1	9	2	3	1	1	1	1	2	1	3	3	3	1	1	1	1	1		0	4	1	4	1	4	9	1	3	4	2	3	1	1			1		1	3	7	71		2	2	1	4	1	24	0.49735331926
1653	2	2	2	15	2	4	3	1	2	1	2	1	2	1	1	1	1	1	2	1		4	0	4	2	4	2	1	1	1	1	1	1	2	98			3	2		3	8	43		1	2	1	3	2	25	0.562911619
1655	2	2	2	20	1	4	3	3	2	1	2	2	2	1	2	2	1	1	2	1		4	0	4	1	4	2	2	1	1	1	1	3	1	21			2		1	1	3	65		2	2	1	3	2	24	1.4813779167
1657	1	2	2	20	1	4	3	1	2	1	2	1	2	1	1	1	1	1	2	1		4	0	4	2	4	1	3	1	1	1	1	2	2	21	11		2		1	3	8	50		1	2	2	3	2	34	0.5611236507
1658	2	2	2	20	1	4	3	3	2	2	3	1	2	1	1	2	1	1	2	1		4	0	4	2	4	2	3	1	1	3	1	2	2	12			3	2		3	8	36		1	2	1	4	1	48	0.440594977
1667	1	2	2	3	2	4	3	3	2	2	2	1	2	1	1	2	1	1	6	1	2	4	1	4	2	4	3	2	1	2	1	1	3	1	33			2		2	3	3	24		1	2	2	1	2	12	2.3442555691
1668	2	1	1	5	1	1	1	1	1	1	2	1	1	2	3	2	1	1	1	1		0	4	1	4	1	4	1	1	1	4	2	9	1	1			1		1	5	3	52		2	2	1	2	1	1	1.38633449332
1683	2	2	2	17	1	2	3	1	2	1	2	2	2	1	2	1	1	1	2	1		4	0	4	1	4	1	2	1	1	2	1	2	2	12			3	2		2	7	32		2	2	1	4	1	25	0.569293064
1684	1	2	2	13	1	4	3	1	2	1	2	2	2	1	2	1	1	1	2	1		4	0	4	2	4	1	2	1	1	1	1	1	2	11			3	2		2	7	39		1	2	3	3	2	6	1.574639451
1685	2	2	2	9	1	3	3	3	2	1	2	2	2	1	2	1	1	1	2	1		4	0	4	2	4	2	2	1	1	2	1	2	2	12			3	3		3	5	58		2	2	1	3	2	22	0.888733406
1689	2	1	2	20	4	1	2	2	1	1	1	1	1	2	3	1	2																					3	1		5	5	46		1	2	1	3	1	24	0.927240346
1699	2	2	3	20	2	4	3	1	2	1	3	2	3	1	1	2	1	1	9		9	4	9	4	5	4	9	5	1	3	3	1	2	2	12			2		2	3	6	38		1	2	1	3	2	37	0.919597137475001
1701	2	1	1	1	5	1	2	1	1	1	2	1	1	2	4	1	1	1	1	1		0	4	2	4	1	3	1	1	3	4	2	2	4				3	1		4	8	60		1	2	1	4	1	13	0.420973361
1706	2	2	2	13	3	3	3	2	2	1	2	1	2	2	5	1	1	3	1	2		2	3	5	3	2	2	4	3	2	2	2	3	1	32			3	3		3	7	55		2	2	1	4	1	53	0.502053397
1712	2	1	2	20	2	4	3	3	2	2	2	2	3	1	3	1	1	1	1	2		2	2	5	2	2	2	2	1	3	1	1	2	4				4	1		3	6	31		1	2	2	4	2	17	1.430705474
1726	2	1	2	20	3	3	1	1	1	1	2	9	1	9	3	2	1	1	1	1		0	4	3	4	2	4	5	1	2	4	2	1	3				4	1		3	7	65		2	2	1	9	1	9	0.507503387
1727	2	1	1	20	1	2	3	1	1	1	1	1	1	1	1	2	1	2	1	1		0	4	2	4	1	4	2	1	1	2	1	3	2	21			1		1	3	7	65		2	2	1	2	2	17	0.49949350304
1729	2	2	2	20	1	3	1	3	2	2	2	1	2	1	1	1	1	3	8		2	4	1	4	2	4	2	2	2	3	1	1	2	1	21	22	28	4	3		3	5	22		2	2	2	2	1	13	1.181683267
1730	1	1	1	20	4	1	1	2	1	2	1	1	3	2	1	1	1	1	1	1		0	4	1	4	1	4	1	1	1	4	2	3	1	1			1		1	5	6	55		2	2	1	2	2	17	0.90402611936
1733	2	1	9	30	1	4	3	1	1	1	3	2	3	1	1	2	2																					3	1		3	3	99	3	2	2	1	9	1	47	1.027760482
1736	2	1	1	20	3	3	3	3	1	2	2	1	1	1	3	1	1	1	1	1		0	4	2	4	2	4	1	1	1	3	2	2	2	1			1		2	5	5	65		2	2	1	3	2	12	0.870958737879998
1743	2	2	2	20	1	4	3	3	2	2	2	1	2	1	1	2	1	1	2	1		4	0	4	1	4	1	2	1	1	1	1	4	1	11	12		2		1	3	3	54		2	2	2	1	2	12	1.6448491315
1750	1	2	2	20	1	4	3	3	2	2	1	2	2	1	1	2	2																					2		1	3	8	66		2	2	1	4	1	12	0.431497695025
1754	2	2	2	13	2	2	1	2	2	1	3	2	2	2	1	1	1	1	2	1		4	0	4	4	4	2	3	1	2	1	1	4	1	33			2		1	1	7	35		2	2	1	3	2	6	0.570788275250001
1762	1	2	2	1	1	4	3	3	2	1	1	1	3	1	1	1	1	2	2	2		4	2	3	2	2	2	2	2	3	2	2	2	2	99			2		1	3	6	68		2	2	2	1	2	37	0.885910535025002
1764	2	2	2	18	1	4	3	3	2	2	2	1	2	1	3	1	1	1	2	1		4	0	4	3	4	4	2	1	2	4	1	4	1	12			2		1	1	7	36		2	2	5	3	2	37	1.35334866195
1766	2	2	2	20	2	3	3	1	2	1	2	1	2	1	2	1	1	1	2	1		4	0	4	3	4	2	3	1	2	2	1	2	2	12			3	2		2	7	26		2	2	1	2	1	35	0.519757754
1767	1	1	1	3	4	1	1	1	1	1	1	1	1	3	3	1	1	1	1	1		0	4	1	4	1	4	4	1	3	3	2	3	1	98			3	3		5	3	79		2	2	1	3	1	12	1.027760482
1768	1	1	1	20	1	2	3	3	1	1	2	1	3	1	2	2	1	1	1	1		0	4	5	5	1	4	1	1	3	1	1	1	4				1		2	4	2	52		2	2	2	1	1	37	1.34822546264
1769	1	2	2	11	1	9	9	9	9	9	9	1	9	9	9	1	1	9				4	4	5	5	9	9	5	9	1	1	1	2	9				3	3		3	9	43		2	2	1	3	2	45	0.861564083
1772	1	2	2	3	1	2	3	3	2	2	2	2	2	1	1	3	1	1	2	1		4	0	4	1	4	2	1	1	1	1	1	2	1	12	32	21	2		1	1	7	70		2	2	2	2	2	12	0.4894842605
1773	1	2	2	20	1	4	3	3	2	2	2	2	3	1	3	2	1	1	2	1		4	0	4	1	4	2	2	1	3	2	1	2	1	28			2		1	2	5	67		2	2	2	1	1	12	0.759493586824998
1774	1	1	1	17	3	2	1	2	1	3	3	1	3	2	3	1	1	1	1	1		0	4	1	4	1	4	1	1	1	4	2	4	2	1			3	1		2	5	73		2	2	1	4	2	37	0.888733406
1775	2	2	2	20	1	4	3	3	2	2	2	1	2	1	2	2	1	1	2	1		4	0	4	1	4	1	1	1	1	4	1	2	1	12			2		1	3	2	59		2	2	2	3	2	12	1.19502236085
1777	2	1	2	1	3	4	2	2	1	2	1	2	1	2	1	1	1	1	1	1		0	4	5	4	1	4	1	1	1	4	2	2	1	1			1		2	3	1	58		2	2	1	3	1	22	1.00720527236
1781	1	1	1	20	2	3	2	3	1	2	1	1	1	1	2	2	1	1	1	1		0	4	1	5	1	4	2	1	3	3	1	2	3				3	1		3	3	35		1	2	1	1	2	51	1.65009029
1785	1	2	2	20	1	4	3	1	2	1	2	2	2	1	1	1	1	1	2	1		4	0	4	1	4	1	2	1	1	2	1	1	1	12			2		1	3	2	72		2	2	1	2	2	37	1.2288009427
1787	1	2	2	2	1	4	3	3	2	2	2	2	2	1	1	2	1	1	2	1		4	0	4	1	4	1	2	1	1	2	1	3	2	12			2		1	3	8	70		2	2	1	4	2	12	0.5033200549
1788	2	2	2	20	1	3	3	3	2	2	2	2	2	1	1	2	1	1	2	1		4	0	4	1	4	2	9	1	1	1	1	2	3				3	3		4	5	65		2	2	2	2	2	12	0.864302961
1789	1	1	1	11	3	1	1	1	1	1	3	2	1	1	3	1	1	1	1	1		0	4	1	4	1	4	1	1	1	4	2	1	1	1	22		1		1	5	5	72		2	2	1	4	2	12	0.870958737879998
1792	2	2	2	13	1	4	3	1	2	1	2	1	2	1	1	1	1	1	2	1		4	0	4	2	4	2	3	1	1	1	1	1	1	21	28	22	2		2	3	8	36		1	2	1	4	2	9	0.576984409475001
1801	2	2	2	1	1	4	3	3	2	2	2	2	2	1	1	2	2																					2		1	2	6	34		1	2	2	1	1	13	1.211225348675
1804	1	2	2	9	3	3	3	3	2	1	3	2	2	3	2	2	1	2	2	2		4	1	4	1	2	1	3	1	3	1	1	3	1	21			2		2	3	7	80		2	2	1	2	2	47	0.5033200549
1805	1	9	2	30	4	2	2	2	9	9	2	9	3	2	3	1	2																					4	3		5	2	36		1	2	1	3	2	27	1.712738682
1806	2	1	1	20	3	1	1	2	1	2	1	1	3	2	2	1	1	1	1	1		0	4	1	4	1	4	1	1	3	4	1	1	2	1	11		3	3		3	7	51		2	2	1	3	2	34	0.562911619
1809	2	2	2	20	1	4	3	3	2	2	2	2	2	2	1	2	1	1	2	1		4	0	4	2	4	3	3	1	2	4	2	4	1	12			2		1	3	7	35		1	2	2	4	2	13	0.465451295625
1810	1	1	2	30	2	3	1	9	1	1	1	1	9	1	3	1	1	1	1	1		0	4	1	5	1	3	1	1	1	1	9	2	2	99			1		1	1	3	73		1	2	1	3	1	22	1.00720527236
1811	1	1	1	1	2	1	1	1	1	1	1	1	3	2	3	2	1	2	1	9		1	4	1	4	1	4	1	1	1	4	2	2	1	1			9	1		5	7	70		2	2	1	3	2	29	0.509687248
1823	1	2	2	20	1	4	3	3	2	2	1	2	2	1	1	2	1	1	2	1		4	0	4	1	4	1	3	1	1	4	1	1	2	21			3	2		3	5	61		2	2	1	2	2	18	0.922475632
1824	1	2	3	18	3	4	1	3	2	2	2	2	1	2	3	2	1	1	2	1		4	0	4	1	4	1	1	1	1	4	3	3	3				2		1	3	3	72		2	2	1	2	2	48	1.3524803086
1825	1	2	2	9	1	4	3	1	2	1	3	2	2	1	1	3	1	1	2	1		4	0	4	5	4	2	1	1	1	4	1	4	1	12			3	2		3	4	72		2	2	1	9	1	17	1.066781099
1828	2	2	2	9	1	4	3	3	2	3	2	3	2	1	1	2	1	1	2	1		4	0	4	1	4	1	1	1	1	1	1	1	2	12	21		2		1	1	8	35		1	2	1	4	2	44	0.576984409475001
1830	1	1	9	10	3	2	3	2	1	1	1	1	3	9	2	1	1	2	1	1		0	4	1	4	1	4	2	1	3	4	2	3	2	32			1		1	5	3	57		1	2	1	4	2	26	1.21945883206
1831	1	2	2	20	1	2	3	3	2	1	2	2	3	1	1	1	1	1	2	1		4	0	5	1	4	1	4	2	3	1	1	1	2	11			2		9	4	3	95		2	2	2	8	2	1	1.19502236085
1832	1	1	1	1	1	2	3	3	3	3	2	1	1	2	3	1	1	1	1	1		0	4	1	4	1	4	1	2	3	4	1	2	4				3	1		2	3	79		2	2	1	1	2	47	1.198830188
1836	1	1	2	20	3	2	2	2	1	1	1	2	2	2	3	1	1	1	1	1		0	4	1	4	1	4	5	1	1	4	2	3	2	1			1		1	5	6	25		2	2	1	3	1	28	1.1907831089
1844	1	2	2	17	1	1	3	3	2	1	2	9	2	1	3	1	1	1	2	1		4	0	4	1	2	2	1	1	1	1	1	3	1	99			2		1	3	3	75		2	2	2	3	1	28	1.02449602185
1847	1	2	2	14	1	4	3	1	2	1	2	2	2	1	2	1	1	1	2	1		4	0	4	1	4	1	1	1	1	4	1	3	1	11			2		1	5	3	65		2	2	2	1	2	22	1.19502236085
1848	1	1	2	3	1	4	3	3	2	2	2	2	2	2	3	1	1	2	2	1		4	0	4	2	4	2	5	1	3	2	1	2	2	21			3	2		3	3	72		2	2	2	1	1	47	0.999508314
1851	1	1	2	9	2	2	1	3	1	2	1	2	1	2	3	1	1	1	1	1		0	4	1	4	2	4	1	1	1	3	2	2	2	1			1		1	4	5	75		2	2	1	1	1	55	0.775024127080001
1856	1	2	2	20	2	4	3	3	2	1	2	1	2	1	2	2	1	1	2	1		4	0	4	1	4	1	1	1	3	2	1	1	3				2		1	3	7	54		1	2	1	4	2	55	0.49677890465
1859	1	2	1	3	1	2	1	1	2	1	1	1	1	2	3	1	1	2	2	1		4	0	5	1	4	2	2	1	3	1	2	2	1	33			2		1	5	3	67		2	2	2	2	1	22	1.02449602185
1862	1	1	2	2	1	2	1	1	1	1	1	1	9	9	1	1	1	1	1	1		0	4	1	4	1	4	1	1	3	4	2	3	4				3	3		3	8	66		1	2	1	3	1	22	0.420973361
1863	1	9	2	2	1	3	3	1	2	1	2	2	4	1	2	2	1	1	8		9	9	9	4	4	9	9	9	2	2	2	9	3	1	99			2		9	9	6	52		2	2	1	8	2	48	1.012155002375
1867	1	9	2	30	2	4	3	3	2	2	2	2	2	1	1	2	2																					4	9		4	1	32		1	2	1	1	2	39	2.441012441
1871	1	2	2	2	1	3	3	1	2	1	2	2	2	1	1	2	1	1	2	1		4	0	4	2	4	1	2	1	1	4	2	3	1	99			2		1	3	4	59		2	2	1	2	1	20	1.093450626475
1873	1	1	1	20	4	4	2	3	1	2	2	2	1	2	1	1	1	1	1	1		0	4	1	4	2	4	2	1	3	2	1	3	2	98			1		2	4	8	56		1	2	1	4	2	39	0.49949350304
1877	1	1	2	1	3	2	1	2	1	2	1	1	2	2	2	1	1	1	1	1		0	4	2	4	2	4	1	1	1	4	3	2	2	1			1		1	5	6	42		1	2	1	3	2	55	0.912605787100002
1879	1	1	2	2	2	2	1	1	1	1	1	2	3	2	3	1	1	1	1	1		0	4	2	4	2	4	2	1	3	4	2	2	2	22			3	1		4	6	71		2	2	1	1	1	29	0.790840946
1881	1	2	2	20	2	3	3	3	2	1	2	3	2	1	2	2	1	1	2	1		4	0	4	1	4	2	1	1	3	2	1	2	2	21			2		1	2	8	76		2	2	1	3	1	55	0.447880214675
1882	1	2	2	1	2	3	3	1	2	1	2	1	2	1	2	2	1	1	2	2		4	1	4	2	4	2	2	1	2	2	1	3	2	11			2		1	2	6	49		1	2	1	3	2	39	0.954511154875002
1884	1	1	1	20	1	1	9	1	1	1	1	1	1	1	1	2	1	2	1	1		0	4	1	4	1	4	1	1	1	4	2	2	2	1			1		1	5	5	99	9	2	2	1	3	2	39	0.876389284400001
1885	2	9	2	5	2	4	3	3	2	1	2	2	3	1	1	2	1	1	2	1		4	0	4	2	2	2	4	1	3	4	1	4	1	12			4	3		2	8	68		2	2	1	3	1	34	0.507503387
1887	1	1	1	20	1	3	1	1	1	1	2	1	3	3	3	2	1	1	1	1		0	4	2	4	1	4	2	1	3	3	2	3	2	1			1		1	5	6	66		2	2	1	3	2	18	0.90402611936
1892	1	2	2	20	2	4	3	1	2	1	2	1	2	1	2	2	1	1	2	1		4	0	5	2	4	2	1	1	1	1	1	2	2	21			2		1	3	3	64		2	2	1	3	2	39	1.275454390675
1893	1	1	2	2	1	3	3	3	1	1	3	1	1	1	3	1	1	1	1	2		1	4	1	4	2	2	5	2	2	4	2	2	3				1		1	5	3	64		2	2	1	3	2	29	1.21945883206
1897	1	2	2	13	2	4	3	1	2	1	1	2	3	1	1	1	1	1	2	1		4	0	4	2	4	2	4	1	2	1	1	2	2	12			2		1	2	7	54		2	2	1	2	2	32	0.526779860275
1899	2	1	2	9	3	2	1	3	3	3	2	2	2	1	1	1	1	1	2	2		2	2	2	2	1	2	2	2	1	1	1	3	1	33			2		2	3	5	37		1	1	1	2	2	4	1.96538328262501
1902	2	2	2	3	1	4	3	3	2	1	2	1	2	1	1	1	2																					1		2	4	3	41		1	2	1	3	2	6	1.92854190396
1903	1	2	2	10	1	4	3	1	2	1	2	3	2	1	3	1	1	1	2	1		4	0	4	1	4	1	9	1	3	2	1	2	4				2		1	3	3	47		1	2	1	1	2	6	2.01709739955
1905	2	1	2	5	2	3	1	2	1	2	2	2	2	2	1	2	1	1	1	1		0	4	3	4	2	4	2	1	3	2	2	4	1	1	98		1		2	3	8	48		2	2	1	4	2	6	0.5457292778
1907	1	2	2	9	1	4	3	1	2	1	1	3	2	1	2	1	1	1	2	1		4	0	3	2	4	2	4	1	1	4	1	3	1	21			4	2		3	6	50		2	2	2	3	2	6	1.040551397
1916	1	2	3	7	1	3	3	1	2	1	3	1	3	9	2	1	1	1	2	1		4	0	4	2	3	2	2	1	2	2	1	2	1	21			3	2		3	5	85		2	2	1	1	2	16	0.978184823
1925	1	2	2	1	1	4	3	3	2	1	2	2	2	1	1	1	1	1	2	1		4	0	4	5	4	2	1	1	1	1	1	3	1	12			3	2		2	3	46		2	2	2	2	2	6	1.913804185
1931	1	2	2	15	1	3	2	2	2	1	2	1	2	2	1	1	1	1	2	1		4	0	5	1	4	1	3	1	1	4	2	1	1	12			2		1	3	3	75		2	2	2	1	2	6	1.4251852765
1932	1	1	1	3	3	2	9	1	1	1	1	1	1	1	3	2	1	3	1	1		0	4	1	4	1	4	4	2	3	1	9	3	1	1			1		2	9	3	67		2	2	1	1	2	6	1.40113196608
1941	2	1	2	20	2	2	3	3	1	2	2	2	1	1	1	3	1	2	3	2	1	2	4	4	4	1	2	4	1	2	4	2	4	1	12			4	2		4	3	26		1	2	1	3	1	53	2.404452131
1946	2	2	2	13	1	4	3	1	2	1	2	2	2	1	3	2	1	1	2	1		4	0	4	2	4	1	4	1	1	1	1	1	4				1		1	3	7	31		2	2	1	3	1	35	0.50936259892
1950	1	1	1	20	2	2	1	1	1	3	1	1	1	2	3	1	1	2	1	1		0	4	1	4	1	4	4	1	1	1	3	2	1	12	2		1		1	3	7	89		2	2	1	1	2	49	0.52965839598
1955	1	2	2	2	1	4	3	3	2	2	2	2	2	2	2	2	1	1	2	1		4	0	4	2	4	3	3	1	2	1	1	2	2	21			3	2		3	8	83		2	2	1	3	1	4	0.463344519
1960	1	1	1	9	1	4	1	1	1	1	2	1	3	1	1	1	1	1	6	1	1	3	4	3	4	2	4	4	1	3	1	1	1	3				1		2	4	7	61		2	2	1	3	1	6	0.49201232906
1962	1	2	2	1	2	2	3	3	2	2	2	1	2	1	3	1	1	1	1	1		0	3	2	4	2	4	2	2	3	4	1	2	2	22			1		1	4	3	91		2	2	1	2	1	6	1.2011943643
1963	1	1	1	20	1	2	3	3	1	2	2	2	3	1	1	2	1	1	1	1		0	4	2	4	2	4	1	1	3	4	3	1	2	2			3	1		3	8	54		2	2	3	4	1	6	1.349942818
1966	1	1	2	20	3	3	1	3	1	2	1	9	4	2	3	1	1	1	1	1		0	4	1	4	1	4	1	1	1	1	2	3	1	98			1		1	5	3	30		2	2	1	2	1	41	2.35636308838001
1967	1	2	2	9	1	4	3	1	2	1	2	1	2	1	2	2	1	1	2	1		4	0	4	2	4	1	1	1	1	1	1	2	1	21			2		1	1	8	65		2	2	1	4	1	41	0.514604731925
1968	2	2	2	20	1	4	3	1	2	1	2	2	2	1	1	2	1	1	2	1		4	0	4	2	4	2	1	1	3	1	1	1	2	12			2		1	1	6	53		2	2	1	3	2	53	1.0967127843
1969	1	2	2	17	1	4	3	1	2	1	2	2	2	1	1	2	1	1	2	1		4	0	4	1	4	1	2	1	1	2	1	2	1	12	11	28	2		1	2	7	66		2	2	1	4	2	6	0.600260176100002
1970	1	2	2	20	2	3	3	3	2	3	1	1	2	1	1	2	1	1	2	1		4	0	4	1	4	2	2	1	1	4	3	2	4				4	3		3	7	47		2	2	1	3	1	6	0.477403306
1971	2	2	2	20	4	3	3	3	2	2	2	2	2	1	2	1	1	1	2	1		4	0	4	2	4	2	4	1	1	1	1	3	2	12			3	2		2	7	38		1	2	1	4	2	30	0.513931571
1973	1	2	2	20	1	4	3	1	2	1	3	2	2	1	2	2	1	1	6	1	2	4	3	4	3	4	3	4	3	3	4	3	3	2	12			3	3		2	6	52		2	2	1	2	2	6	1.069963692
1975	1	1	2	20	1	2	1	1	1	1	2	1	3	2	3	1	1	1	1	1		0	4	1	4	1	4	3	1	3	1	1	3	1	3			1		1	3	7	82		2	2	1	3	2	15	0.57390729032
1976	1	1	1	20	4	3	1	1	1	1	1	1	3	2	3	1	1	1	1	1		0	4	1	5	1	2	1	1	3	1	1	1	3				1		1	5	7	74		2	1	4	3	1	6	0.955380158740001
1979	2	2	2	10	3	3	3	1	2	1	3	1	2	1	2	1	1	1	2	1		4	0	4	1	4	1	1	1	1	1	1	2	2	12			2		2	3	5	48		2	2	1	4	2	53	1.0967127843
1980	1	1	3	20	2	2	2	2	1	2	1	2	3	2	3	1	1	1	1	1		0	4	1	4	1	4	1	1	1	4	2	2	1	32	1		1		1	5	6	50		2	2	5	4	2	6	2.96500251852001
1983	1	9	2	20	2	2	3	1	2	3	2	1	2	1	3	1	1	2	2	2		3	2	3	2	3	3	2	2	3	9	1	1	3				1		2	3	7	99	9	2	2	1	3	1	45	0.723848878899998
1989	2	2	2	20	2	4	3	1	2	1	2	2	2	1	3	1	1	2	2	1		4	0	5	4	4	4	1	1	3	4	2	1	3				2		1	2	7	44		2	2	1	1	2	33	0.576984409475001
1999	2	2	2	1	2	2	3	1	2	1	2	2	2	1	2	2	1	1	2	1		4	0	4	2	4	2	2	1	3	3	1	2	2	12			2		2	3	6	52		1	2	1	3	2	42	1.108618039375
2001	2	2	2	4	1	4	3	3	2	1	2	2	2	1	1	2	1	1	2	1		4	0	4	2	4	2	2	1	1	1	1	2	2	32	21		3	3		3	8	99	2	1	2	1	4	1	25	0.48258571
2002	2	2	2	20	1	3	3	3	2	1	2	2	2	1	3	2	1	1	2	1		4	0	4	1	4	2	2	1	3	2	1	2	2	21			2		1	2	7	24		2	2	1	3	2	51	0.564600401499997
2007	2	2	2	20	3	4	3	1	2	2	2	2	2	2	3	2	1	1	2	2		4	2	4	2	4	2	2	1	1	2	1	2	2	12			2		1	2	5	23		1	2	2	3	2	37	1.41283259765
2008	2	2	2	20	1	3	3	3	2	2	2	2	2	1	3	1	1	2	2	1		4	0	3	1	4	2	2	1	1	3	1	3	2	99			3	2		3	5	52		2	2	2	2	1	28	0.748001529
2009	2	1	2	1	3	3	2	2	1	2	1	1	3	2	1	1	1	1	1	1		0	3	3	4	2	4	2	1	3	4	2	2	4				1		1	4	8	48		1	2	1	4	1	17	0.40719234024
2012	2	1	1	17	3	9	9	1	1	1	1	1	9	2	3	1	1	1	1	1		0	4	1	4	9	9	1	1	3	3	2	2	3				1		1	4	8	63		2	2	1	4	1	48	0.45407762862
2017	1	1	3	20	3	2	1	2	1	2	1	1	3	2	3	1	1	1	1	1		0	4	2	4	2	4	5	1	3	2	3	3	2	1			3	1		3	8	54		2	1	1	4	1	42	0.937075729
2020	1	1	3	15	3	1	1	3	1	2	1	2	2	9	5	9	1	1	1	1		0	4	1	4	1	4	1	1	1	4	2	4	1	32			1		1	4	8	60		1	2	9	4	1	42	0.572010023060001
2021	2	2	2	4	1	3	3	1	2	1	2	1	2	1	1	1	1	1	2	1		4	0	4	2	4	2	3	1	2	3	1	1	4				2		1	1	8	31		1	2	1	3	2	9	0.680652608124998
2036	2	2	2	13	2	3	3	1	2	1	2	2	2	1	1	2	1	1	2	1		4	0	4	2	4	2	2	1	1	3	1	1	2	21			2		1	1	8	32		2	2	1	4	2	42	0.680652608124998
2040	2	1	1	20	2	1	1	1	1	1	2	2	3	2	1	2	2																					1		1	5	6	46		2	2	1	2	2	1	0.879224580219998
2044	2	1	2	29	3	3	3	2	1	1	2	2	2	1	1	2	2																					1		2	3	7	27		2	2	1	3	2	18	0.56030795772
2045	2	2	2	1	1	4	3	3	2	1	2	1	2	1	1	1	1	1	2	1		4	0	4	2	4	2	4	1	1	4	1	4	1	21			2		1	3	7	99	3	2	2	2	2	2	42	0.590096531325001
2047	2	1	9	30	4	9	1	1	1	1	1	1	3	2	3	1	1	1	1	1		0	4	1	4	1	4	1	1	3	4	2	2	4				1		1	5	7	53		2	2	1	3	2	12	0.45759572474
2049	2	1	1	6	3	2	1	1	1	1	2	1	3	2	1	1	1	1	1	2		2	3	2	3	2	3	2	2	3	4	1	2	3				2		2	3	5	29		2	2	1	3	2	36	1.75138062562501
2064	2	1	1	9	1	9	1	2	1	2	3	1	2	2	1	1	1	1	1	1		0	4	1	4	2	4	2	1	3	4	2	2	1	1			1		1	3	6	32		1	2	1	3	2	37	1.38898776786
2073	2	1	2	12	4	3	3	3	2	2	2	1	2	3	3	1	1	1	8		3	9	9	3	3	3	3	1	1	3	3	2	3	1	32			2		2	2	7	24		2	2	2	2	1	12	0.47072788185
2074	1	2	2	20	4	4	3	3	2	2	1	2	2	1	1	1	1	1	2	1		4	0	4	1	4	1	2	1	1	1	1	1	1	21			2		1	3	5	70		2	2	2	1	1	40	0.835936957274998
2076	1	2	2	28	3	2	1	1	1	1	1	1	2	2	2	4	1	1	2	1		4	0	3	2	2	1	4	1	1	2	1	2	2	12			2		2	2	7	45		1	2	1	4	2	6	0.570788275250001
2078	1	1	1	20	4	9	1	2	1	2	2	2	3	2	3	1	1	1	1	1		0	4	2	4	1	4	2	1	1	4	2	3	2	1			1		1	4	7	48		2	2	1	4	2	20	0.47496909908
2085	2	2	2	17	1	4	3	1	2	1	2	2	2	1	1	4	1	1	2	1		4	0	4	5	4	2	4	3	2	2	2	4	1	12			2		2	3	8	32		2	2	2	4	1	36	0.567484826325001
2086	2	1	1	17	4	1	1	2	1	2	2	1	1	2	3	1	1	1	1	1		0	4	2	4	1	4	1	1	1	4	2	3	1	1			1		1	5	8	42		1	2	1	4	1	39	0.40719234024
2092	2	2	2	20	1	4	3	3	2	1	1	2	2	1	1	1	1	1	2	1		4	0	4	2	4	1	3	1	3	1	1	3	1	21	98	11	2		1	3	3	33		1	1	1	2	1	18	4.1
2099	2	9	2	20	1	4	3	3	9	9	1	1	2	1	1	4	1	1	8		3	9	9	5	5	2	2	2	1	3	1	1	4	2	21			2		1	4	2	46		1	2	2	9	1	12	1.4101337747
2106	1	1	1	30	4	1	1	2	1	2	1	1	3	2	5	9	1	1	1	1		0	4	1	4	1	4	3	1	3	4	2	4	1	1			4	3		5	6	47		2	2	1	4	1	42	0.927240346
2111	1	2	2	3	4	4	3	2	2	2	2	1	2	1	1	3	1	2	4	9	3	4	2	4	4	4	4	4	1	2	2	1	3	2	12			4	3		2	5	23		2	2	1	2	2	47	1.417334457
2113	2	1	2	13	3	2	2	2	1	1	1	2	3	2	3	1	1	1	1	1		0	4	1	4	1	4	1	1	3	4	2	3	2	1			1		1	4	7	28		1	2	1	3	2	12	0.5398130668
2119	1	1	1	3	2	3	1	1	1	1	2	1	1	1	3	2	1	1	1	1		0	4	2	3	2	4	3	1	3	1	1	2	1	21	22		3	1		4	6	97		2	2	1	4	1	39	0.790840946
2120	2	1	1	12	2	1	1	2	1	1	2	1	1	2	1	1	2																					1		1	4	8	51		2	2	1	4	1	48	0.43178307746
2129	2	1	2	20	3	2	1	1	1	1	1	1	3	2	3	1	1	1	1	1		0	4	3	3	1	4	3	1	1	3	2	3	1	22			3	1		5	3	54		1	2	1	4	1	48	1.55700988
2135	2	2	2	1	2	4	3	3	2	2	2	2	3	1	2	2	1	1	2	2		4	2	4	2	4	2	2	1	3	2	1	2	2	12			3	2		2	5	29		1	2	1	2	2	12	1.417334457
2139	1	2	2	7	1	3	3	3	2	2	1	2	2	1	2	2	1	1	2	2		4	1	4	1	4	1	2	1	1	1	1	2	2	12	21		2		1	3	5	64		2	1	1	2	1	12	1.516456115525
2142	2	2	2	20	1	9	3	1	2	1	1	1	2	1	1	2	1	1	2	1		4	0	4	3	3	2	3	1	2	4	2	4	4				2		1	2	7	32		2	2	1	3	2	36	0.680652608124998
2144	1	2	2	17	1	4	3	3	2	2	2	2	2	1	2	2	1	1	2	1		4	0	4	2	4	1	1	1	1	1	1	1	2	21			2		1	1	8	34		2	2	3	4	1	12	1.3686908927
2148	2	2	2	20	1	4	3	3	2	2	2	2	2	2	1	3	2																					2		1	1	7	30		2	2	1	3	2	8	0.621427685824998
2149	2	9	1	8	3	2	3	1	2	1	1	2	2	1	2	1	1	1	8		2	2	2	3	3	2	3	4	3	2	4	1	1	3				3	1		3	3	46		1	2	1	4	1	36	1.705400099
2150	2	2	2	20	1	2	3	1	2	1	1	2	2	1	3	1	1	1	2	1		4	0	4	1	2	2	1	1	1	4	1	1	1	22			1		2	3	8	61		1	2	1	4	1	12	0.41255389378
2156	2	1	2	13	4	2	1	2	1	2	2	2	2	2	3	2	1	1	1	1		0	4	2	4	1	4	3	1	3	4	2	3	1	1			4	1		4	7	48		2	2	1	3	1	24	0.48258571
2159	2	9	9	20	1	4	3	3	2	2	2	2	2	1	2	1	1	1	9		9	9	9	5	5	9	9	4	1	2	2	1	3	1	98			9	9		9	7	65		2	9	1	4	2	29	0.509687248
2165	1	1	1	20	4	1	2	2	1	2	1	2	3	2	3	1	1	1	1	1		0	4	2	4	2	3	3	1	1	4	2	2	2	1			3	1		5	7	57		2	2	1	3	1	42	0.507503387
2167	2	1	2	17	2	2	1	2	1	2	1	3	3	2	3	1	1	1	1	1		0	4	2	4	2	4	3	1	3	4	2	2	3				1		2	5	7	29		2	2	9	1	1	36	0.641653527060001
2168	2	1	1	20	4	2	1	2	1	2	2	1	3	2	2	1	1	1	1	1		0	4	1	4	1	4	2	1	1	4	2	3	2	32			1		1	4	2	37		1	2	1	3	1	42	1.67129209702
2172	1	1	1	29	2	9	2	9	1	1	1	1	1	2	3	1	1	1	9		1	2	3	5	5	2	3	2	3	3	4	2	9	4				1		2	4	5	40		1	2	1	2	2	29	0.912605787100002
2174	1	2	2	20	1	3	3	3	2	2	2	2	2	1	3	2	1	1	2	1		4	0	4	1	4	1	2	1	1	9	1	4	2	21			2		1	3	6	69		2	1	4	3	2	39	1.836026730775
2175	2	1	1	30	2	2	1	1	1	1	2	1	3	1	3	2	1	1	1	1		0	4	2	4	1	4	2	1	3	4	2	2	1	1			1		1	3	7	72		2	2	1	3	1	17	0.42821718086
2178	2	1	2	10	2	2	1	1	1	1	2	1	3	2	3	2	1	1	1	1		0	4	2	5	1	3	2	1	3	4	2	2	3				1		1	5	7	81		2	2	1	9	1	29	0.42821718086
2180	2	2	2	20	1	4	3	1	2	1	2	1	2	1	1	4	1	1	2	1		4	0	4	2	4	1	2	1	1	4	1	4	1	11	12		2		2	2	7	39		1	2	1	4	1	34	0.49465035275
2181	2	2	2	20	2	3	3	3	2	1	2	2	2	1	3	2	1	1	2	1		4	0	4	2	4	2	3	1	3	3	1	1	3				4	2		3	8	30		1	2	2	4	2	26	0.556026142
2187	2	9	2	3	3	3	1	1	1	3	1	2	3	2	1	2	1	4	8		1	2	2	3	3	3	4	3	3	2	4	3	3	3				3	1		3	4	50		2	9	9	2	1	42	1.961394266
2194	2	1	1	30	4	1	1	1	1	1	2	1	1	2	3	9	1	1	1	1		0	4	1	4	1	4	1	1	3	4	2	3	1	32			3	3		4	8	48		1	2	1	4	1	47	0.400304182
2200	2	2	2	20	1	4	3	1	2	1	3	2	2	2	1	3	1	2	2	1		4	0	3	2	4	2	4	1	2	4	1	4	1	21	22		3	3		3	7	50		2	2	1	4	1	25	0.48258571
2201	2	1	1	30	3	1	1	1	1	1	2	1	1	2	3	1	1	1	9		9	9	9	2	5	2	4	2	1	1	2	1	2	3				1		2	4	9	99	9	9	9	9	9	2	39	1.00794231174
2207	2	1	1	5	1	4	1	1	1	1	2	1	2	1	1	1	2																					1		1	5	7	42		2	2	1	2	1	22	0.39229809836
2209	1	2	2	20	2	4	3	1	2	1	2	1	4	1	1	1	1	1	9		9	9	9	4	2	4	2	1	1	3	1	1	2	2	98			4	2		2	8	81		2	2	1	3	1	39	0.436956307
2210	2	2	2	13	3	4	3	3	2	2	2	2	2	1	5	1	2																					4	2		1	7	50		2	2	2	2	2	48	0.499804076
2211	1	2	2	20	1	4	3	1	2	3	2	2	1	1	3	1	1	1	2	1		4	0	4	2	4	2	1	1	1	4	3	2	2	12			2		1	3	3	58		2	2	1	1	2	26	1.275454390675
2217	2	2	2	20	1	4	3	1	2	1	2	1	2	1	2	2	1	1	2	1		4	0	4	2	4	2	3	1	1	4	1	2	3				3	2		1	7	43		1	2	1	3	1	25	0.48258571
2218	2	2	2	3	1	4	3	1	2	1	2	3	2	1	1	2	1	1	2	1		4	0	4	1	4	1	9	1	1	1	1	3	1	21			2		1	3	8	52		1	2	1	3	2	21	0.478607773325
2224	2	1	3	1	4	1	2	2	1	2	3	2	3	2	3	1	1	1	1	1		0	4	1	4	1	4	2	1	3	4	2	4	1	1			4	1		5	7	54		1	2	1	3	2	1	0.466934413
2227	2	2	2	20	1	4	3	3	2	1	2	2	2	1	1	2	1	1	2	1		4	0	4	2	4	2	2	1	1	4	1	2	2	12			2		1	2	8	49		1	2	1	4	2	39	0.49677890465
2231	1	1	1	20	1	4	1	1	1	1	3	1	1	1	2	1	1	1	1	1		0	4	1	4	1	4	1	1	1	4	1	2	1	1			1		9	5	5	64		2	2	1	2	2	39	0.90402611936
2235	2	2	2	3	3	3	3	9	2	1	1	1	2	2	1	9	1	1	2	1		4	0	4	1	4	1	2	1	3	4	1	2	1	11			2		1	2	6	84		2	2	1	2	1	33	0.941486171349997
2238	2	2	2	20	1	3	3	3	2	1	2	1	2	1	1	2	1	1	2	1		4	0	4	2	4	2	2	1	1	3	1	2	1	21			2		1	3	5	42		1	2	2	2	2	9	1.07814317295
2247	1	2	2	20	1	4	3	3	2	1	2	2	2	1	2	2	1	1	2	1		4	0	4	1	3	1	1	1	1	1	1	2	2	21			2		1	2	8	47		1	2	2	3	2	17	0.48312291985
2252	2	1	1	2	2	2	1	1	1	1	2	1	3	1	2	2	1	1	1	1		0	4	1	5	1	4	2	2	3	2	3	2	3				1		1	5	3	63		2	2	1	2	1	39	1.04544547702
2253	2	2	2	20	1	4	3	1	2	1	2	2	2	1	4	2	2																					3	2		1	7	25		2	2	3	4	1	17	1.38600536
2260	2	1	1	30	3	2	1	2	1	1	1	1	3	2	3	2	1	2	1	1		0	4	2	5	1	2	2	2	3	1	1	2	3				4	1		2	3	59		2	2	1	3	1	55	1.066781099
2262	2	1	2	20	3	2	1	2	3	3	2	1	3	2	2	1	1	1	3	2	3	2	3	5	3	2	3	3	1	3	3	2	2	3				4	1		3	8	45		1	2	1	3	1	39	0.415502388
2263	1	2	2	3	1	4	3	3	2	2	2	2	2	1	1	3	1	3	8		9	4	2	5	5	4	2	9	3	3	4	1	3	1	99			2		9	5	2	76		2	2	2	1	2	17	1.240393349325
2265	2	1	2	20	2	3	3	1	1	1	2	1	3	1	3	2	1	3	1	1		0	4	2	5	1	3	2	3	2	4	2	1	4				1		2	4	6	63		2	2	1	4	1	9	0.900152632120002
2267	2	1	2	28	4	4	1	2	1	1	1	2	3	2	3	4	1	3	1	1		0	4	2	3	2	3	3	3	3	4	2	4	1	99			1		2	4	2	32		2	2	1	4	1	33	2.38194234963999
2268	1	2	2	1	2	4	3	3	2	1	3	2	2	1	2	1	1	1	2	1		4	0	4	1	4	2	3	1	3	4	1	2	2	21			3	3		3	8	52		2	2	2	4	2	55	0.471339434
2272	1	2	2	2	1	3	3	1	2	1	2	2	2	1	1	1	1	2	8		3	9	9	5	5	2	9	4	2	1	4	1	3	1	99			4	3		3	6	56		2	2	1	9	2	55	0.922475632
2288	2	2	2	29	1	3	3	3	2	2	2	2	2	1	1	3	1	4	7		2	4	2	5	5	4	2	3	3	2	4	1	4	3				3	2		1	3	48		2	1	1	2	2	48	3.526609358
2297	2	1	1	20	1	2	3	1	1	1	2	1	3	1	3	1	1	1	1	1		0	4	2	4	2	4	2	1	1	4	2	3	2	1			1		1	5	7	69		2	2	1	4	1	48	0.45407762862
2303	1	1	2	20	3	1	2	2	1	2	2	2	3	2	3	1	1	1	1	1		0	4	1	3	1	3	1	1	3	4	2	1	1	99			3	2		3	3	76		2	2	1	2	1	39	1.066781099
2310	1	1	2	13	2	2	1	2	1	3	1	3	1	2	2	2	1	1	1	1		0	4	2	3	2	4	3	1	3	1	1	1	4				1		1	5	8	57		1	2	1	4	1	39	0.42821718086
2312	2	1	1	1	1	2	1	1	1	1	1	1	3	1	2	1	1	1	1	1		0	4	2	4	2	4	2	1	3	4	2	2	2	98			1		1	5	7	57		2	2	1	4	1	48	0.45407762862
2320	2	2	2	1	2	2	3	1	2	1	1	1	2	1	2	2	1	1	2	2		3	2	4	2	3	2	2	1	3	3	1	1	3				2		2	3	8	30		2	2	1	4	1	34	0.583525390599999
2325	1	2	2	30	1	2	3	3	2	1	3	3	3	1	1	2	1	1	2	1		4	0	4	1	4	1	2	2	3	2	1	1	2	11			2		1	2	5	42		2	2	2	2	2	34	1.07814317295
2326	1	2	2	1	1	9	3	3	2	9	1	9	1	2	1	1	2																					4	3		4	2	58		2	2	9	8	1	55	1.226913458
2327	2	1	1	20	3	2	1	1	1	1	1	1	3	2	5	1	1	1	1	1		0	4	1	4	1	4	1	1	3	4	2	2	3				1		1	4	7	31		1	1	1	3	1	48	0.9890705811
2328	2	1	1	30	4	2	1	2	1	2	2	1	3	2	5	1	1	1	1	1		0	4	2	4	2	4	3	2	3	2	1	3	4				1		1	5	6	27		2	2	1	2	1	12	1.1907831089
2336	1	2	2	9	1	4	3	1	2	1	3	9	2	1	1	2	1	1	2	1		4	0	4	2	4	1	1	1	1	4	1	2	2	11			3	2		3	3	62		2	2	1	4	1	25	1.239014091
2338	2	1	1	20	3	1	1	2	1	2	1	1	1	2	1	1	1	1	1	1		0	4	1	4	1	4	2	1	3	4	2	3	1	2	1	32	1		1	4	7	32		2	2	1	4	2	27	0.56030795772
2344	1	2	2	20	1	1	3	3	2	2	2	2	3	1	1	1	1	1	2	1		4	0	4	1	4	1	1	1	1	1	1	1	1	11			2		1	1	4	58		2	2	2	1	1	13	1.02449602185
2349	2	1	2	11	2	3	1	1	1	1	1	1	1	2	2	1	1	1	1	1		0	4	1	4	1	4	2	1	1	4	2	2	3				1		1	5	7	63		2	2	1	3	2	48	0.52965839598
2358	1	1	1	20	1	2	3	1	2	1	2	3	2	2	1	1	1	2	3	2	1	2	2	2	2	2	2	3	2	3	2	1	2	2	12			2		2	4	4	58		2	2	1	2	1	27	1.093450626475
2366	2	9	9	20	1	2	3	1	1	1	3	2	3	9	3	1	2																					9	9		9	6	60		2	2	5	4	2	48	2.765991685
2372	2	1	1	20	3	9	1	1	1	3	2	1	9	9	3	9	1	1	1	1		0	4	1	4	1	4	1	1	3	4	2	3	2	1			1		1	5	4	35		1	2	1	4	1	42	1.67129209702
2374	2	2	2	9	1	3	3	3	2	2	1	2	2	1	2	2	1	1	8		3	3	4	2	3	4	4	1	2	2	4	2	2	1	31			4	3		3	5	56		2	2	1	3	2	48	0.978184823
2378	1	2	2	20	2	4	3	1	2	1	2	2	2	1	3	1	1	1	2	1		4	0	4	1	4	1	2	1	1	1	1	4	1	12			3	2		5	8	54		2	2	2	3	2	34	0.547437708
2397	2	1	9	20	2	3	3	3	1	1	2	1	3	1	1	3	1	1	1	1		0	4	2	4	2	4	2	1	1	3	2	3	2	1			3	1		4	7	63		2	2	1	4	1	49	0.463344519
2401	1	2	2	20	1	3	3	1	2	1	2	2	2	1	2	2	1	1	2	2		3	3	3	5	2	4	4	3	3	4	1	2	3				4	3		3	7	44		2	2	1	2	1	38	0.415502388
2404	1	2	2	13	1	3	3	3	2	2	3	1	2	1	3	2	1	1	8		2	4	1	4	2	4	2	2	1	1	3	1	2	3				3	9		3	3	61		2	2	1	4	1	29	1.066781099
2406	2	2	9	5	1	3	3	1	9	1	2	1	2	1	1	1	2																					3	3		9	7	29		2	2	1	1	2	39	0.571742814
2409	2	1	1	20	3	2	1	2	1	2	2	1	3	2	3	1	1	1	1	1		0	4	2	3	2	4	2	1	3	3	1	1	4				1		2	3	7	64		2	2	1	4	1	35	0.45407762862
2426	2	1	1	30	4	4	2	2	1	2	2	2	3	2	3	1	1	1	1	1		0	4	1	4	1	4	1	1	3	4	2	2	1	32			1		2	3	3	55		2	2	1	3	1	4	1.10858093528
2431	2	2	2	13	1	4	3	3	2	1	2	2	2	1	2	3	1	1	2	1		4	0	4	1	4	1	3	1	1	1	1	4	1	11	21		9	2		3	7	27		2	2	1	3	2	6	0.656920194
2437	1	2	2	18	1	3	3	1	2	1	1	2	2	1	1	2	1	1	2	1		4	0	4	2	4	2	4	1	1	1	1	2	1	21	34		2		1	1	7	49		2	2	1	4	2	27	0.49677890465
2466	2	1	2	15	4	1	2	2	1	2	2	2	3	2	1	1	1	1	1	1		0	4	1	4	1	4	3	3	2	3	2	2	3				1		2	4	7	52		2	2	1	9	2	53	0.5457292778
2492	1	2	2	13	2	3	3	1	2	1	2	2	2	1	1	1	1	1	2	1		4	0	4	1	4	2	2	1	1	3	1	1	2	21			2		1	3	5	65		2	2	1	4	1	36	0.941486171349997
2493	1	2	2	20	1	4	3	3	1	1	1	1	1	2	3	2	2																					3	2		3	7	48		1	2	2	4	1	36	0.469319883
2501	1	1	1	20	3	1	1	1	1	1	1	1	3	3	3	1	1	1	1	1		0	4	1	2	1	4	2	1	1	4	2	2	2	32			3	1		4	8	63		2	2	1	4	2	25	0.591976819
2526	2	2	1	20	2	4	1	1	2	1	2	1	3	2	1	1	1	1	6	2	2	4	1	4	2	4	2	2	1	1	1	1	1	3				2		2	3	7	52		1	2	9	4	1	6	0.562791986825
2530	1	2	2	20	1	3	3	3	2	1	2	9	3	1	1	1	1	1	2	1		4	0	4	1	4	2	3	2	3	2	1	2	2	12			2		1	4	5	75		2	2	2	2	2	37	0.885910535025002
2559	2	2	2	28	3	4	3	1	2	1	2	2	2	1	1	2	1	1	2	1		4	0	4	2	4	2	3	1	1	1	1	4	1	11	21	22	3	2		2	7	52		2	2	1	4	1	8	0.440594977
2562	1	2	2	20	1	4	3	3	2	2	2	1	2	1	1	2	1	1	2	1		4	0	4	1	4	1	1	1	1	1	1	2	1	32			2		1	3	8	57		2	1	1	4	2	12	0.977337285775
2564	1	9	2	13	1	2	3	2	2	1	2	3	3	1	1	1	1	1	2	2		4	2	2	2	2	2	2	1	3	2	1	1	4				2		1	2	5	32		1	2	2	2	2	51	1.41283259765
2567	1	1	1	30	2	1	9	3	1	1	1	9	1	9	3	2	1	1	1	1		0	4	1	3	1	2	1	2	3	4	1	1	3				1		1	5	3	58		2	2	1	2	2	47	1.17485358424
2583	1	2	2	13	1	4	3	1	2	1	2	3	2	1	1	2	1	1	2	1		4	0	4	3	4	1	9	1	1	2	3	3	1	21	22		4	3		9	7	60		2	2	2	4	2	21	0.47754562
2589	2	1	2	20	1	3	3	3	1	2	2	9	2	1	1	1	1	1	1	1		0	4	1	4	1	4	1	1	1	1	2	3	1	1			3	1		9	3	69		2	2	1	2	2	51	1.198830188
2603	1	1	1	6	4	1	1	1	1	1	1	1	1	2	3	1	1	1	1	1		0	4	2	4	1	4	2	1	1	4	2	3	2	1			3	2		3	6	63		2	2	1	2	1	24	0.918523094
2612	2	2	2	1	4	3	2	2	2	2	2	1	2	2	3	1	1	1	2	1		4	0	4	1	3	1	3	1	3	3	2	2	2	21			3	2		3	8	64		2	1	4	4	1	32	0.899713551
2616	1	1	1	20	1	4	1	1	1	1	1	1	1	2	9	9	1	1	1	1		0	4	1	5	1	4	5	1	1	3	9	2	3				1		1	9	3	62		2	9	9	9	1	42	1.3964999951
2629	2	1	1	20	4	2	2	2	1	2	1	2	3	2	3	1	1	1	1	1		0	4	1	4	1	4	1	1	3	4	2	2	1	31			1		1	5	3	69		2	2	1	3	1	53	1.2011943643
2633	2	1	1	20	2	3	1	3	2	9	2	1	3	1	2	2	1	1	1	2		2	1	5	4	2	4	3	1	3	1	1	2	2	22	21	34	3	1		4	7	41		2	2	1	4	2	12	0.466934413
2640	2	2	2	13	1	3	3	1	2	1	2	1	2	1	2	2	1	1	2	2		4	1	4	2	2	1	3	1	3	1	1	1	1	11	98		1		1	3	8	41		1	2	1	4	1	53	0.46785523988
2647	2	2	2	20	1	3	3	3	2	2	2	2	2	1	1	2	1	1	2	1		4	0	4	2	4	2	2	1	3	1	1	1	2	28			3	3		3	8	70		2	2	1	3	1	6	0.502053397
2648	2	1	2	30	3	2	2	2	1	1	1	1	3	2	3	1	1	1	1	1		0	4	1	5	1	4	1	1	3	4	9	3	2	98			1		1	5	5	79		2	2	1	4	2	6	1.03870656386
2662	2	2	2	20	1	4	3	3	2	2	2	2	2	1	1	1	1	1	9		9	9	9	4	2	4	9	2	1	1	2	1	2	2	21	22		3	9		3	3	55		1	1	1	3	1	4	2.196552368
2678	1	1	1	30	2	1	1	3	1	3	1	1	2	1	1	1	1	1	1	1		0	4	1	4	1	4	1	1	1	2	2	1	3				1		1	4	5	20		2	2	1	8	2	37	1.38898776786
2680	1	1	1	2	2	2	1	1	1	1	3	9	1	9	3	1	1	1	1	1		0	4	1	4	1	4	4	1	1	9	2	4	1	1			1		1	5	5	86		2	2	1	2	2	4	0.958621126539998
2684	2	2	2	20	2	3	3	1	2	2	2	2	2	2	2	2	1	1	6	2	2	3	2	4	3	3	2	3	1	3	1	1	2	2	32			3	2		3	8	99	3	2	2	1	2	1	32	0.463344519
2693	2	2	2	7	1	4	3	3	2	2	2	1	2	1	3	1	1	1	2	2		4	1	4	2	4	1	2	1	3	1	1	2	2	11			2		1	1	5	69		2	2	1	2	1	4	0.859565606800002
2695	2	1	2	5	1	3	3	3	1	3	2	2	9	1	3	1	1	1	1	1		0	4	2	4	1	4	1	1	3	4	2	2	1	99			1		1	3	5	76		2	2	1	8	2	8	0.958621126539998
2696	2	2	2	7	2	2	1	1	2	1	1	1	3	1	3	2	1	1	2	1		4	0	4	1	4	1	2	1	1	1	1	1	1	22	21		2		1	2	3	84		2	2	1	2	2	6	1.4654696584
2703	1	1	2	10	4	1	1	2	1	2	1	1	1	2	3	1	1	1	1	1		0	4	1	4	1	4	1	1	1	4	2	4	1	1			1		1	5	7	44		1	2	1	4	2	6	0.5457292778
2706	2	2	2	20	1	4	3	1	2	2	2	1	2	1	2	1	1	1	3	1	3	2	4	2	4	3	4	2	1	1	1	1	4	2	31			3	1		3	7	28		1	2	1	3	2	6	0.656920194
2711	1	9	2	30	1	4	9	9	9	9	2	9	2	1	2	2	1	1	8		1	2	4	3	3	3	4	4	3	2	1	1	1	4				1		2	4	5	63		2	2	1	3	2	53	1.03870656386
2712	2	2	2	20	1	4	3	3	2	1	2	1	2	1	1	2	1	1	2	1		4	0	5	2	3	2	2	1	3	2	1	2	2	28			3	2		3	3	47		2	2	1	4	1	6	1.687086106
2719	1	2	2	20	2	3	3	3	2	3	2	2	2	1	3	2	1	1	2	1		4	0	4	2	4	2	3	1	3	1	1	1	3				3	2		3	7	41		1	2	1	4	2	6	0.55686661
2731	1	2	2	20	1	4	3	1	2	1	2	1	2	1	3	1	1	1	2	1		4	0	4	2	4	1	1	1	1	1	1	1	2	28	21	22	1		1	4	7	74		2	2	1	2	2	6	0.57390729032
2735	2	2	2	20	1	4	3	3	2	2	2	2	2	1	1	2	1	1	2	1		4	0	4	1	4	2	3	1	1	3	1	1	3				2		1	3	8	28		2	2	1	4	2	29	0.586036384349997
2737	1	1	3	20	1	3	1	2	1	1	2	1	2	2	4	1	1	1	1	1		0	3	2	3	1	4	1	1	3	1	2	3	2	21			1		1	4	6	99	3	2	2	1	4	1	6	0.890486050299999
2738	1	2	2	20	1	4	3	3	2	1	3	1	2	1	1	1	1	1	2	1		4	0	4	1	4	1	2	1	1	1	1	2	1	21			2		2	3	8	99	3	2	2	1	3	2	6	0.600260176100002
2742	2	2	2	2	1	3	3	1	2	1	3	2	2	1	3	2	1	1	2	1		4	0	4	2	4	2	3	1	3	2	1	4	1	11	12		2		2	3	5	72		2	2	1	4	2	36	1.098195603625
2743	2	2	2	3	1	3	3	1	2	1	2	1	2	1	1	3	1	1	2	1		4	0	4	1	4	1	2	1	1	4	1	2	2	12	22	21	3	2		3	8	58		2	2	1	3	2	36	0.591976819
2744	2	2	2	10	1	4	9	3	2	3	2	1	2	1	1	1	1	1	2	1		4	0	4	2	4	2	3	1	2	1	1	2	1	12			2		1	3	7	65		2	2	1	3	1	34	0.520190971675
2747	2	1	1	20	4	1	2	2	1	1	1	1	1	2	3	1	1	2	1	2		1	4	2	4	1	4	2	1	1	4	2	2	1	28	1		3	1		4	5	41		1	2	1	3	1	4	0.846559339
2755	2	2	2	20	1	4	3	1	2	1	1	2	3	1	1	1	1	1	2	1		4	0	4	2	4	1	2	1	3	4	1	3	1	22			2		1	4	3	47		1	1	2	4	1	36	3.394301225775
2756	2	2	2	20	1	3	3	1	2	1	3	2	2	1	1	2	1	1	2	1		4	0	4	2	4	2	4	1	3	1	1	2	2	99			3	3		3	8	65		2	2	1	2	1	36	0.507503387
2765	2	1	2	30	3	3	3	2	3	2	2	2	3	2	3	1	1	1	1	1		0	4	2	4	4	4	3	1	3	4	2	3	2	98			4	1		3	7	41		1	1	1	3	1	42	0.937075729
2769	2	2	2	20	1	4	3	1	2	1	3	2	2	9	1	9	1	1	2	1		4	0	4	1	4	1	2	1	1	2	1	2	2	11			4	2		4	8	70		2	1	1	3	2	37	0.953499791
2776	2	1	1	30	4	4	3	3	1	1	1	1	3	1	3	4	2																					3	3		3	7	71		2	1	4	4	1	36	0.9854604
2782	2	1	2	1	1	4	3	3	2	1	2	1	2	1	3	3	1	1	2	1		4	0	4	2	4	2	2	3	2	1	1	2	4				2		1	3	5	65		2	1	4	4	2	24	2.132455281425
2785	2	1	2	3	2	2	1	3	1	2	2	2	3	1	1	1	1	1	1	2		2	3	2	3	2	3	2	1	1	4	1	1	3				1		2	4	3	29		2	2	1	2	1	45	1.97581789972
2787	2	2	2	13	2	2	3	3	2	2	2	2	2	1	1	1	1	1	2	1		4	0	4	2	4	2	2	1	3	1	1	1	9				2		2	3	8	49		1	1	1	1	1	12	0.796735602674999
2803	2	2	2	20	2	4	3	1	9	3	2	2	2	1	3	1	1	1	2	1		4	0	4	5	4	2	3	1	1	1	1	3	1	12			2		2	3	8	30		1	2	1	4	1	36	0.583525390599999
2812	2	9	3	8	2	4	1	1	2	1	2	1	3	1	1	4	2																					9	3		9	5	32		2	1	4	4	1	9	2.844403159
2816	2	1	2	1	4	2	2	1	1	1	1	1	3	2	3	1	1	1	1	1		0	4	2	4	1	4	2	1	3	4	2	4	1	1			1		1	4	3	30		2	2	5	1	1	12	3.92
2823	2	2	2	20	1	3	9	1	9	9	9	9	3	2	1	2	1	1	1	1		0	4	1	4	1	4	2	1	3	3	1	2	3				1		1	4	7	43		2	2	1	3	1	42	0.4729339958
2835	2	2	1	30	4	9	3	3	9	1	1	1	1	2	5	2	1	1	2	1		3	0	3	3	4	4	1	1	3	1	1	1	1	22			2		1	4	5	80		2	2	2	1	1	12	0.759493586824998
2839	2	2	2	28	2	3	3	3	2	2	2	1	2	1	3	2	1	1	8		2	4	2	4	3	4	3	3	1	2	3	1	3	2	2	12		2		2	2	7	23		2	2	2	2	2	12	0.549080067775
2841	2	1	2	20	2	2	2	2	1	1	1	1	3	2	1	1	1	3	1	2		1	3	2	3	1	2	1	2	3	4	1	1	2	99			2		2	5	6	26		2	2	1	2	1	39	1.29274793545
2848	2	2	2	3	4	4	3	3	2	2	2	9	2	1	1	1	1	1	2	1		4	0	4	1	4	1	1	1	1	1	1	3	1	21			2		1	1	8	70		2	2	2	1	2	12	0.4894842605
2850	2	2	2	20	1	3	3	1	2	1	2	2	2	1	4	2	1	1	2	1		4	0	5	5	4	2	4	1	2	4	1	4	1	99			3	3		4	8	49		1	2	2	3	2	37	0.454098825
2853	2	2	2	20	4	4	3	3	2	2	2	3	2	1	5	1	1	1	2	1		4	0	4	1	4	1	1	1	1	1	1	3	2	12			2		1	3	8	40		1	2	2	4	2	13	0.465451295625
2854	2	2	2	20	1	3	3	3	2	1	2	2	2	1	3	1	1	1	2	1		4	0	4	2	4	1	2	1	3	4	1	1	4				3	2		3	7	45		2	2	2	4	1	42	0.469319883
2855	2	2	2	13	2	4	3	3	2	2	3	2	2	1	2	2	1	1	2	1		4	0	4	1	4	1	2	1	1	1	1	2	1	22			2		1	3	6	62		1	2	1	2	1	12	0.780961483049998
2860	2	1	1	6	3	2	3	2	1	2	2	2	3	2	5	2	1	1	1	1		0	4	1	4	1	4	1	1	3	4	2	3	1	1			4	1		5	3	59		2	2	1	9	1	51	1.027760482
2863	2	2	2	20	1	3	3	1	2	1	2	2	2	1	1	2	1	1	2	1		4	0	4	2	4	1	5	1	1	2	1	1	3				2		1	3	8	64		2	2	2	3	1	51	0.419636228975
2869	2	2	3	2	2	3	3	1	2	1	2	3	2	2	2	2	1	1	2	2		4	2	4	3	3	2	3	2	3	2	1	2	2	28	98		3	2		3	5	22		2	2	2	1	2	26	1.430705474
2872	2	2	2	1	2	4	3	3	2	1	2	3	2	1	3	3	1	2	2	1		4	0	4	3	4	2	4	1	1	2	1	2	4				3	2		1	3	34		2	2	1	4	1	34	2.430553418
2877	2	1	1	10	3	2	2	2	1	2	1	2	1	1	2	1	1	1	1	1		0	4	1	4	1	4	2	1	1	4	2	1	4				1		1	5	7	33		1	2	1	3	1	51	0.46278325674
2888	2	2	2	2	1	3	3	1	2	1	2	1	2	1	3	2	1	1	2	1		4	0	3	2	2	1	4	1	1	2	1	2	4				2		1	2	7	26		2	2	1	2	2	36	0.680652608124998
2896	2	2	2	18	2	2	1	1	2	1	2	1	3	1	3	1	1	1	2	1		4	0	4	1	3	2	2	1	3	2	1	2	3				2		1	4	5	32		2	2	2	1	2	34	1.703236820475
2898	1	2	2	30	1	2	1	1	2	1	1	1	3	1	2	1	2																					3	2		4	3	58		2	2	1	3	1	36	1.239014091
2904	2	1	2	20	3	2	1	2	1	1	1	1	3	2	2	1	1	1	1	1		0	4	2	4	2	4	2	1	1	4	2	2	2	32			1		1	4	7	40		1	2	1	8	1	42	0.4729339958
2906	2	1	1	20	3	2	1	2	1	2	1	1	3	2	1	1	1	1	1	1		0	4	5	3	2	4	3	1	1	4	2	1	2	1			1		1	4	7	47		1	2	1	4	1	42	0.4729339958
2910	2	2	2	2	1	4	3	3	2	2	2	1	2	1	2	2	1	1	2	1		4	0	4	2	4	1	3	1	3	1	1	2	2	28			2		1	1	8	33		1	2	1	3	1	47	0.484033508325
2915	1	1	2	1	2	2	1	9	1	9	1	9	1	2	1	1	1	1	2	1		4	0	4	1	4	1	1	1	3	2	1	1	3				2		1	1	7	66		2	2	1	4	2	12	0.5033200549
2916	1	1	1	15	4	1	3	3	1	2	2	1	3	1	1	1	1	1	1	1		0	4	1	4	1	4	2	1	3	4	2	1	4				1		1	5	3	71		2	2	1	1	1	39	1.04544547702
2919	2	2	2	1	1	4	3	1	2	1	2	1	2	1	1	2	1	1	2	1		4	0	4	2	4	2	3	1	2	1	1	1	2	12	11		3	2		3	7	26		2	1	4	4	2	36	1.2894422
2930	1	9	2	28	3	3	3	2	1	1	1	1	3	2	5	1	2																					4	3		5	1	30		1	2	1	1	2	21	2.351725321
2943	2	2	2	30	4	4	3	1	2	2	2	2	2	1	5	2	1	4	7		3	4	4	4	3	4	2	4	3	2	2	1	3	1	99			4	3		9	8	34		2	2	1	4	1	17	0.490156718
2950	2	2	2	2	1	4	3	3	2	2	2	2	2	1	2	2	2																					3	2		3	3	52		2	2	5	4	1	13	4
2954	1	1	2	20	1	3	1	1	1	3	9	2	3	9	1	9	1	1	9		9	9	9	1	4	1	4	3	1	9	4	2	3	1	1			1		1	5	9	99	9	9	9	1	9	1	47	0.723848878899998
2966	2	2	2	13	3	2	3	3	2	3	2	1	9	9	5	1	1	1	6	2	3	4	4	4	4	3	4	4	3	2	4	2	3	3				1		2	3	8	53		1	2	1	4	1	13	0.39229809836
2981	2	9	9	3	3	1	1	1	2	2	2	2	9	9	9	1	1	4	6	1	3	4	4	5	5	3	9	3	3	2	2	1	2	3				4	3		3	7	33		1	1	4	3	2	12	1.06959053
2993	1	2	2	20	2	3	3	1	2	1	3	1	2	1	3	2	1	1	2	2		4	1	4	2	4	2	2	1	2	4	1	2	2	99			2		2	3	8	42		2	2	1	4	2	37	0.478607773325
2998	2	1	1	15	3	2	1	1	1	1	1	2	1	2	2	1	1	1	1	1		0	4	2	4	1	4	1	1	3	4	2	2	2	1			1		1	4	3	40		1	2	1	4	1	13	1.38633449332
3017	2	1	1	28	3	4	1	1	1	1	2	3	3	3	3	9	1	4	7		2	4	4	4	4	4	4	4	3	2	4	1	4	4				3	3		3	7	42		2	2	1	2	2	51	0.466934413
3019	2	1	2	14	2	3	1	1	1	1	2	1	1	1	3	1	1	1	1	1		0	4	5	5	1	4	1	1	3	4	2	2	3				4	1		3	7	45		2	2	1	3	1	47	0.400304182
3034	2	1	2	17	4	1	1	2	1	2	1	3	3	3	1	2	1	1	1	1		0	4	1	4	1	4	1	1	1	1	2	2	1	1			1		1	4	2	33		2	2	1	3	1	39	2.05083307576
3051	1	1	3	15	2	3	3	3	1	1	2	1	3	1	1	1	1	1	1	1		0	4	1	4	1	4	2	1	3	4	9	3	1	33			1		2	9	7	40		1	2	1	4	2	37	0.45759572474
3061	1	2	2	13	2	3	3	1	2	1	2	2	2	1	1	2	1	1	2	1		4	0	4	2	4	2	2	1	3	1	1	1	4				2		1	3	7	30		2	2	1	3	1	17	0.50241063595
3071	2	9	1	20	3	2	2	1	1	1	1	1	3	1	3	1	2																					3	1		4	3	49		1	2	1	1	2	37	1.65009029
3080	2	1	1	20	2	2	2	2	1	1	3	1	3	2	3	9	1	2	1	1		0	4	1	4	1	4	2	1	3	4	2	3	2	1			1		2	5	6	45		2	2	1	2	1	45	0.753761699179997
3086	1	2	2	20	2	4	3	3	2	2	2	1	2	1	1	2	1	1	2	1		4	0	4	2	4	2	3	1	2	4	3	2	2	98			3	2		3	8	99	9	2	2	1	3	2	47	0.861564083
3090	1	2	2	1	1	4	3	1	2	1	2	2	2	1	1	2	1	1	2	1		4	0	4	2	4	2	2	1	2	3	1	3	1	21			3	2		3	5	29		1	2	1	3	1	17	1.261217498
3094	2	1	1	20	3	4	2	2	1	2	1	2	1	2	1	2	1	1	1	1		0	4	1	4	1	4	1	1	1	4	2	2	4				1		2	4	6	37		1	2	1	4	1	39	0.782379501400001
3098	1	2	2	20	1	4	3	3	2	3	2	3	2	1	2	2	1	1	2	1		4	0	4	2	4	2	3	1	3	1	1	2	2	12			3	2		3	7	43		1	2	1	4	2	18	0.484662346
3099	1	1	1	20	2	2	2	2	1	2	2	1	3	2	3	2	1	1	1	1		0	4	1	4	1	3	3	1	3	3	1	2	1	22			1		1	5	3	34		1	2	1	3	1	55	2.05083307576
3100	2	1	2	13	4	2	2	2	2	2	2	2	3	2	5	1	1	1	1	1		0	4	3	4	1	4	4	1	3	4	2	3	1	1			4	1		4	7	39		1	2	1	3	1	39	0.415502388
3102	2	2	2	20	1	3	3	3	2	2	2	2	2	1	3	2	1	1	2	2		3	2	3	3	3	2	3	2	2	4	2	3	2	21			3	1		3	8	37		1	2	2	3	1	1	0.4
3108	1	2	2	20	2	4	3	1	2	1	2	1	2	1	1	2	1	1	2	1		4	0	4	2	4	2	2	1	3	1	1	1	1	21			3	2		2	8	35		1	2	1	3	2	44	0.562911619
3123	1	2	2	15	2	3	3	3	2	1	2	2	2	1	2	2	1	1	2	1		4	0	4	2	4	2	2	1	1	2	1	2	3				2		1	3	7	54		1	2	1	4	2	39	0.49677890465
3129	2	2	2	3	2	2	3	3	2	9	2	2	2	1	3	2	1	2	2	1		4	0	4	3	4	3	3	2	1	2	1	2	2	33			4	2		3	1	25		2	2	1	1	1	18	2.092686812
3133	1	1	1	20	4	1	1	2	1	2	1	2	3	2	2	1	1	1	1	1		0	4	2	4	1	4	2	1	3	4	2	2	2	32			1		1	5	6	36		1	2	1	4	2	26	0.912605787100002
3143	2	1	1	17	3	1	1	2	1	2	1	2	1	2	2	2	1	1	1	1		0	4	1	4	1	4	1	1	1	4	2	4	1	1			4	1		5	8	37		2	2	1	3	1	55	0.415502388
3147	1	1	2	30	4	2	1	1	1	1	1	1	3	1	3	2	2																					2		2	5	3	19		2	1	5	8	2	39	4.1
3149	1	1	2	1	1	4	1	3	1	1	2	3	2	1	1	1	1	2	1	1		0	3	2	2	2	3	3	2	2	4	1	1	4				1		2	3	7	47		2	1	1	3	1	29	0.790678322700001
3157	2	1	2	20	3	9	2	2	1	2	2	1	3	2	3	2	2																					3	1		3	3	47		2	2	1	4	2	39	1.712738682
3163	2	2	2	20	3	2	3	1	2	2	2	2	2	1	1	1	2																					2		1	2	8	39		1	2	2	4	1	18	0.414182634475
3171	2	2	9	11	3	2	1	1	2	1	2	2	1	1	1	1	1	1	2	1		4	0	4	5	4	2	3	3	2	1	1	2	3				3	2		3	8	31		1	1	2	4	1	18	0.951776969
3177	1	1	1	20	2	3	1	2	1	1	2	1	2	1	3	2	1	1	6	2	1	2	3	3	3	2	2	3	1	2	4	1	1	3				1		9	3	6	53		2	2	1	3	2	55	0.912605787100002
3180	2	2	2	9	1	3	3	1	2	1	2	2	2	1	3	2	2																					4	2		2	7	33		2	2	1	3	1	26	0.490156718
3183	2	1	1	20	4	1	2	2	1	2	2	2	2	2	2	1	1	1	1	1		0	4	1	4	1	4	1	1	1	4	2	4	1	2			1		1	5	5	32		1	1	4	3	2	18	2.79951017626
3191	2	1	1	20	3	2	1	1	1	1	2	1	1	1	1	1	1	1	1	1		0	4	2	4	2	2	2	1	2	4	1	1	3				1		2	5	7	41		1	2	1	4	2	29	0.47496909908
3195	2	1	1	13	3	2	2	2	1	1	2	2	2	2	2	1	1	1	1	1		0	4	2	4	1	4	3	1	1	4	2	1	1	1			1		1	5	7	45		1	2	1	4	2	48	0.50365293958
3217	2	2	2	1	2	3	1	3	1	1	2	1	2	1	1	1	1	3	6	2	1	2	2	5	5	3	2	2	3	2	2	1	3	2	33			4	2		4	3	26		1	2	1	1	2	48	2.58842753
3226	2	1	2	10	3	1	1	3	1	1	1	1	3	9	3	1	2																					1		1	4	4	28		1	2	1	2	1	40	2.17468485836001
3227	1	2	2	20	1	2	3	3	2	2	2	1	2	1	2	1	1	2	2	1		4	0	4	1	4	2	2	1	1	1	2	3	1	12			2		1	3	3	52		2	1	1	2	2	48	3.61477459195001
3234	2	2	2	1	1	3	3	2	2	2	1	2	3	2	1	2	1	2	2	1		2	0	2	5	3	1	4	2	2	1	1	2	1	98			9	3		3	3	47		1	2	2	2	2	48	1.766247742
3239	1	2	2	13	2	4	1	3	2	1	2	1	2	1	2	1	1	1	6	2	2	4	2	4	2	4	2	2	1	3	3	1	2	4				3	2		3	6	28		2	2	1	1	2	48	1.559989806
3241	1	2	2	9	1	4	3	2	2	1	2	2	2	1	3	1	1	1	2	1		4	0	4	1	4	1	1	1	1	4	2	2	2	12			2		1	1	6	53		2	2	2	3	2	22	0.894318276899998
3251	2	1	1	30	3	2	1	1	1	1	1	1	3	2	3	1	1	1	1	1		0	4	1	3	2	4	2	1	3	4	2	2	4				1		1	3	6	31		1	2	1	2	2	48	1.52879000988
3274	1	1	1	20	4	1	1	1	1	1	1	1	1	2	3	1	1	1	1	1		0	4	2	4	2	4	1	1	1	4	2	2	2	1			1		1	5	7	99	2	2	2	9	4	1	48	0.496597164
3291	1	9	2	20	3	3	3	1	9	9	2	2	2	1	3	1	1	2	9		9	9	9	5	5	2	3	3	2	3	4	2	2	3				1		2	4	7	99	9	2	2	1	3	1	22	0.723848878899998
3295	2	2	2	10	1	4	3	3	2	2	2	2	2	1	3	1	1	1	2	1		4	0	4	2	4	2	3	1	2	3	2	3	1	12	21		4	2		3	8	46		2	2	2	4	2	48	0.499804076
3300	2	1	2	30	4	3	3	1	2	1	2	1	2	1	5	2	1	1	1	2		1	4	5	3	3	4	2	1	2	4	9	2	2	99			1		2	3	8	21		2	1	1	4	1	35	0.9890705811
3312	1	1	1	28	2	2	9	3	1	1	1	3	3	1	3	1	1	2	1	1		0	4	2	5	1	9	2	2	3	1	1	1	4				1		1	5	3	49		2	1	1	3	2	48	3.45607717084
3337	2	1	1	8	4	2	1	3	1	2	2	1	1	2	3	1	1	1	1	1		0	4	1	4	1	4	1	1	1	4	2	3	2	1			1		1	5	7	38		1	2	1	4	1	22	0.39229809836
3345	1	2	2	10	1	4	2	3	2	2	2	1	3	9	1	2	1	1	8		2	3	2	4	2	2	2	3	1	2	3	9	2	1	22	21	28	1		1	3	8	99	9	2	2	1	4	2	48	0.929315277100002
3346	1	1	2	30	4	1	2	1	1	1	3	9	1	2	1	1	1	1	1	1		0	4	1	4	1	4	2	1	1	4	2	3	2	1			1		1	5	8	43		1	2	1	9	1	48	0.43178307746
3360	1	2	2	20	1	3	3	3	2	2	2	2	2	1	3	1	1	1	2	1		4	0	3	2	3	1	2	1	2	2	1	2	3				3	3		3	5	37		1	2	3	3	2	48	2.792242355
3361	2	1	1	13	4	3	1	2	1	2	1	2	2	2	3	2	1	1	1	1		0	4	2	3	2	4	3	1	2	4	2	3	2	1	11		1		1	3	7	35		2	2	1	3	2	22	0.45759572474
3362	2	1	3	30	3	1	1	1	1	1	1	1	1	1	3	1	1	1	1	1		0	4	2	3	2	4	3	1	3	4	2	2	2	1			1		1	5	5	99	2	2	2	1	4	1	5	0.753761699179997
3363	1	2	2	20	2	3	3	9	2	9	2	9	1	2	2	3	2																					3	2		3	8	81		2	2	1	3	2	48	0.540467751
3368	1	2	2	20	3	4	3	3	2	2	2	1	2	1	4	2	1	1	2	1		4	0	4	2	4	2	2	1	3	2	1	3	2	12			3	2		3	8	60		2	2	1	3	2	49	0.540467751
3372	1	1	1	13	2	2	1	1	1	1	1	1	3	2	3	1	1	2	1	1		0	4	2	4	1	4	2	1	3	2	2	2	1	21	22		3	1		4	7	65		2	2	1	3	1	4	0.463344519
3376	1	2	2	3	2	4	3	3	2	2	1	2	2	1	3	2	1	2	2	1		4	0	4	2	4	2	4	3	2	1	1	1	1	21			2		1	1	7	25		1	1	5	2	1	4	1.034487087375
3377	2	1	2	20	3	2	3	1	1	1	2	2	2	1	3	2	1	1	1	2		2	4	2	3	2	3	1	1	3	3	2	2	2	22			1		2	5	5	41		1	2	1	4	2	49	0.9677189291
3379	2	1	2	28	1	2	3	1	2	1	2	1	3	3	1	2	1	1	2	1		3	0	4	2	3	1	2	1	3	2	1	2	2	12			1		1	2	7	60		2	2	1	1	2	49	0.52965839598
3380	1	1	1	20	3	2	1	2	3	1	1	1	1	1	1	1	1	1	1	1		0	4	2	4	1	4	2	1	3	2	9	3	2	98	1	11	1		2	3	8	47		1	2	1	4	2	35	0.50365293958
3382	2	9	2	5	4	2	1	1	1	1	2	1	2	3	3	1	1	1	8		3	4	4	4	4	9	9	3	1	3	3	3	2	1	1	11		3	3		3	6	29		2	2	1	3	1	49	1.337383637
3386	2	2	2	20	1	2	3	1	2	1	2	1	2	1	3	2	2																					3	2		3	3	57		1	1	1	1	1	8	2.196552368
3388	2	1	9	13	4	1	2	2	1	1	9	2	3	2	3	1	1	2	1	1		0	4	1	4	1	4	1	1	3	9	9	2	2	98			1		1	4	7	54		2	2	1	8	2	49	0.50365293958
3391	2	2	1	20	2	4	3	3	2	2	2	2	3	1	2	1	1	1	2	1		4	0	4	2	4	1	1	1	3	1	1	2	1	28	21		3	3		4	3	78		2	2	1	2	2	4	1.319492984
3395	2	1	1	20	2	2	1	2	1	1	2	1	3	2	2	1	1	1	1	1		0	4	2	3	1	4	2	1	3	1	2	2	2	1	11		1		1	3	7	57		2	2	1	4	2	8	0.52965839598
3403	2	1	2	1	1	2	1	1	1	1	1	1	3	1	3	1	1	2	1	1		0	4	2	4	1	4	2	1	1	3	2	3	2	22	21		3	1		5	8	70		2	2	1	3	1	16	0.463344519
3406	2	1	2	30	2	3	1	2	1	2	2	1	1	2	3	3	1	2	1	2		1	4	1	4	2	3	2	1	1	4	2	3	2	98			3	1		5	5	99	9	2	9	9	9	2	32	1.090625426
3416	2	2	2	3	1	3	3	1	2	1	2	1	2	1	1	2	1	1	2	1		4	0	4	1	4	2	2	1	3	1	1	2	2	21			3	2		3	7	62		2	2	1	3	1	41	0.502053397
3420	1	2	2	20	3	3	3	1	2	1	3	1	2	1	1	1	1	1	2	1		4	0	4	1	4	2	2	1	1	1	1	1	4				2		1	2	8	73		2	2	1	4	1	8	0.474928131975
3421	2	2	2	20	2	4	1	1	2	2	3	2	1	1	2	1	2																					4	3		2	3	48		2	2	1	3	1	32	1.55700988
3422	2	2	2	3	1	3	3	1	2	1	2	2	2	1	1	3	1	1	2	1		4	0	4	1	4	1	4	1	1	1	2	3	1	11			2		1	5	7	73		2	2	3	3	2	32	1.566475477975
3424	2	2	2	10	3	3	3	1	2	1	2	2	2	1	2	2	1	2	2	2		3	2	3	2	2	2	3	2	3	4	2	3	2	99			2		2	3	8	35		2	2	1	3	2	6	0.570788275250001
3426	2	1	1	15	4	1	1	2	1	2	1	2	1	2	3	1	2																					1		1	3	7	55		1	2	1	4	2	6	0.57390729032
3428	2	2	2	13	3	3	3	2	2	2	1	1	2	2	1	2	1	1	2	1		4	0	4	2	4	2	2	1	3	1	1	1	4				2		2	3	7	99	2	1	2	1	4	2	41	0.570788275250001
3437	2	2	2	1	1	4	3	3	2	1	2	2	2	1	1	9	1	1	2	1		4	0	4	2	4	2	5	1	3	1	1	3	1	28	12		2		1	3	6	55		2	2	1	1	2	6	1.086402273425
3439	2	2	2	20	2	3	3	1	2	1	2	1	2	1	2	2	1	1	2	1		4	0	4	2	4	1	2	1	3	2	1	3	1	21	33		2		1	2	7	43		1	2	1	4	2	6	0.570788275250001
3442	2	2	2	1	1	4	3	3	2	2	2	1	2	1	2	2	1	1	2	1		4	0	4	2	4	3	2	1	1	3	2	3	1	99			4	3		2	6	36		2	2	2	2	2	6	1.040551397
3443	1	1	1	30	3	4	3	3	1	1	1	1	3	1	3	2	1	2	1	1		0	4	1	5	1	4	1	1	3	1	2	1	1	99			2		1	3	3	94		2	2	1	1	1	32	1.1594851619
3445	2	2	2	1	2	4	3	2	2	1	1	1	2	2	1	2	2																					3	2		2	6	34		2	2	1	2	1	6	1.449111775
3447	2	2	2	20	1	4	3	1	2	1	2	2	2	1	1	2	1	1	2	1		4	0	4	1	4	1	2	1	1	1	1	3	1	11			2		1	3	8	58		2	2	1	4	2	6	0.600260176100002
3454	2	1	1	6	3	2	1	1	1	1	2	1	3	2	3	1	1	2	1	1		0	4	2	4	1	4	2	1	3	4	2	3	1	1			3	1		3	8	51		2	2	1	4	1	6	0.477403306
3456	2	2	2	9	1	4	3	3	2	2	2	2	2	1	1	2	1	1	2	1		4	0	2	2	4	3	2	1	2	2	1	2	2	11			4	2		1	7	54		2	1	4	3	1	6	0.927012636
3461	2	2	2	20	1	3	1	1	2	1	2	2	2	1	2	2	1	2	2	1		4	0	4	2	4	2	2	1	3	2	1	3	1	12			2		1	1	4	60		2	2	1	4	1	6	1.256351248375
3476	2	2	2	28	3	4	3	1	2	1	2	2	2	1	3	2	1	1	2	1		4	0	4	5	4	2	3	1	3	2	1	3	1	21	22		2		2	1	3	23		2	1	4	8	2	6	4.1
3479	1	1	2	3	3	2	1	1	1	1	3	2	2	2	3	1	1	1	3	1	1	4	4	2	5	2	4	1	1	3	2	2	3	2	98			3	3		3	8	52		1	2	2	2	2	4	0.499804076
3486	2	1	2	5	1	4	1	2	1	2	2	1	2	9	3	1	1	1	1	1		0	4	2	4	1	4	4	1	1	4	3	3	1	1			1		1	5	7	44		1	1	1	4	1	6	0.908472383279999
3490	2	2	2	30	2	4	3	1	2	1	2	2	2	1	1	2	1	1	2	1		4	0	4	2	4	2	2	1	3	1	1	1	3				2		1	3	6	41		1	2	1	4	1	6	0.940214946875002
3511	2	1	2	28	2	2	2	3	1	2	2	2	2	1	3	1	1	1	1	1		0	4	2	4	2	3	2	1	3	4	2	2	3				1		1	4	6	39		2	2	1	2	2	22	0.879224580219998
3520	2	2	2	1	1	4	2	1	2	1	2	2	2	1	2	2	1	1	2	1		4	0	4	2	4	2	2	1	1	2	1	2	1	21			2		1	2	7	27		2	2	2	3	1	6	0.56139070625
3521	2	2	2	3	1	2	3	1	2	1	3	2	2	1	1	2	1	1	2	1		4	0	4	2	3	2	2	1	1	1	1	1	4				2		1	3	6	52		1	2	1	3	2	53	1.0967127843
3523	2	1	2	20	1	4	1	1	2	1	2	2	3	1	1	2	1	1	2	1		4	0	3	1	4	2	2	1	2	1	1	4	1	11			4	3		3	8	99	1	2	9	9	4	2	1	0.633513589
3525	2	2	1	9	2	3	3	1	2	1	2	2	2	1	2	1	1	2	2	1		4	0	3	2	3	2	1	1	1	3	1	2	2	99			3	2		3	5	21		2	2	1	4	2	6	1.690314982
3541	2	1	2	20	2	3	1	1	1	1	1	1	3	1	3	2	1	3	2	2		3	2	3	2	3	3	4	3	2	1	1	2	2	12			4	2		5	7	45		1	2	1	3	2	49	0.513931571
3559	2	2	1	1	1	2	3	3	2	1	2	1	2	1	3	3	1	2	8		2	3	2	3	3	3	3	4	3	3	3	1	1	2	33			2		2	3	5	28		2	2	1	2	1	6	1.485339569375
3572	2	9	2	20	3	2	1	2	9	2	2	2	2	2	2	1	1	1	8		3	3	4	3	4	2	4	4	3	2	9	2	4	1	99			4	1		3	7	54		2	2	9	4	2	6	0.640456733
3599	1	2	2	17	1	4	3	1	2	1	2	1	2	1	3	1	1	1	6	2	2	9	1	5	5	4	1	1	1	3	1	1	1	4				4	3		9	6	54		2	2	5	3	2	53	3.025512774
3602	2	1	2	20	3	2	1	2	1	2	1	1	3	2	1	1	1	1	1	1		0	4	2	4	1	4	2	1	1	3	2	3	2	1			3	1		3	6	50		1	2	1	4	2	32	0.987468295
3603	1	1	2	28	3	2	9	2	1	3	9	1	1	2	2	1	1	1	1	1		0	4	1	4	1	4	1	1	1	4	2	2	3				1		1	5	7	54		2	2	1	1	1	53	0.46785523988
3630	2	2	2	20	1	4	3	1	2	1	2	2	2	1	1	1	1	1	2	1		4	0	4	2	4	1	4	1	1	1	1	3	1	12			2		1	1	7	40		1	2	1	4	2	53	0.570788275250001
3663	1	2	2	20	1	3	3	1	2	1	2	1	2	1	1	1	1	1	2	1		4	0	4	2	3	2	3	1	1	2	1	3	1	12			9	2		3	7	47		2	2	1	8	2	41	0.55686661
3697	1	1	2	28	3	3	2	2	1	2	2	2	3	2	3	2	1	1	1	1		0	4	2	4	1	4	2	1	1	2	2	3	2	1			1		1	5	7	54		2	2	1	3	1	6	0.46785523988
3699	1	2	2	15	1	2	3	3	2	1	2	1	2	1	1	2	1	1	2	2		4	2	4	2	4	2	3	1	3	1	1	2	2	99			2		2	3	8	52		1	1	1	4	2	6	1.108345787075
