RESPID	PHTYPE	Q1	Q2	Q3	Q4	Q5	Q6A	Q6B	Q6C	Q6D	Q6E	Q6F	Q7	Q8	Q9	Q9A.1	Q9A.2	Q9A.3	Q10A	Q10B	Q10C	Q10D	Q10E	Q10F	Q10G	QD1	Q11	Q12	Q12B	Q13	Q14	Q15	Q16	Q17	Q18	Q19	QD2	QD2A	QD3	QD4	QD5	QD5A	QD6	QD7	QD8	QD9	QD10	QD11	FINALWGT
11	2	9	1	20	2	2	1	9	1	2	2	9	1	1	2				2	2	2	2	2	2	2	1	1	9	9	5	5	2	3	3	3	1	9	1	4	5	53		2	2	1	4	1	24	0.879980144
14	2	1	1	29	2	2	1	1	1	3	1	9	1	1	3				2	2	2	2	2	2	1	1	1	1		1	3	1	1	2	1	1	3	1	5	5	28		1	2	1	2	1	34	1.089499225
19	2	1	1	28	3	1	1	1	1	2	1	1	1	1	2				2	2	2	2	2	1	1	1	1	1		1	3	1	1	2	1	1	1		3	7	75		2	2	1	3	1	37	0.52027335264
30	2	2	2	20	1	3	1	2	1	1	1	3	1	1	1	9			2	2	2	2	2	1	1	1	1	2		4	1	1	1	2	3	2	2		3	7	63		2	2	1	2	2	37	0.573838917
43	2	9	9	20	1	2	2	3	3	1	2	9	3	3	1	4			1	1	2	2	2	2	1	1	1	8	1	2	1	3	2	2	1	1	4	1	4	7	47		1	2	5	9	2	13	0.972233618
44	2	1	1	20	2	1	1	1	1	1	1	9	1	1	2				2	2	2	2	2	2	1	1	1	1		1	3	1	3	2	1	1	3	1	3	7	65		2	2	1	4	1	45	0.517684928
47	2	1	1	1	3	2	1	9	9	2	2	2	3	3	3				2	2	2	2	1	1	2	1	2	1		2	3	3	2	1	3	9	4	1	4	3	50		1	2	1	1	1	42	1.488708791
52	2	2	2	20	1	2	2	2	1	1	3	2	3	1	1	1	8		2	2	2	2	2	1	1	1	1	2		4	2	3	1	2	3	2	2		1	8	31		2	2	1	3	1	34	0.628926985
60	2	1	1	20	2	2	1	1	1	3	1	1	1	1	1	2			2	1	2	2	1	1	1	1	1	1		2	3	3	3	1	2	1	1		4	6	48		2	2	1	3	2	39	1.08035841549
65	1	1	1	20	2	1	1	1	1	1	1	2	1	1	1	4	6		1	1	2	2	2	1	2	1	1	1		1	4	1	1	3	1	1	3	1	5	6	25		1	2	1	3	1	9	1.089499225
72	2	2	2	20	2	3	3	2	1	1	1	1	3	1	1	1			1	1	2	2	2	1	1	1	1	2		4	1	2	3	3	3	2	2		2	8	26		2	2	1	1	1	36	0.628926985
73	2	2	2	20	1	4	2	2	3	1	2	3	3	3	1	10	6		2	2	1	2	1	1	1	1	1	2		4	2	4	2	2	2	2	2		1	8	36		1	2	1	4	2	6	0.460296464
74	1	1	1	20	1	2	1	1	1	2	2	2	1	3	2				2	2	2	2	2	1	1	1	1	1		1	4	1	1	2	1	1	1		5	7	70		2	2	1	3	1	37	0.52027335264
77	1	2	2	13	3	3	1	1	1	1	1	1	1	1	3				2	2	2	1	2	1	2	1	1	2		4	1	3	3	2	3	2	2		2	3	87		2	2	1	1	2	42	1.154740286
78	2	2	3	2	3	2	1	2	2	2	2	2	1	1	1	1	14		1	2	2	2	2	1	1	2				3	3	3	2	2	3	2	3	2	1	8	25		2	1	1	3	1	36	1.178210929
81	2	1	9	8	1	9	2	1	3	2	2	2	2	2	1	2			2	1	2	9	2	2	9	1	4	8	1	3	2	9	3	2	1	1	9	9	3	2	29		1	2	1	4	1	36	1.851177741
84	2	1	2	20	4	1	1	1	1	2	2	3	1	1	1	9	11		2	2	2	1	1	2	2	1	1	1		2	2	2	1	2	3	2	1		2	6	44		1	1	4	4	1	12	1.732733905695
92	2	2	2	20	3	3	1	2	1	1	1	2	3	3	3				2	2	2	2	2	2	1	1	1	2		4	3	3	2	2	3	2	2		2	7	52		2	2	1	3	1	36	0.426022133
95	2	2	2	20	1	3	3	2	1	3	3	3	3	3	1	10	98		2	2	2	2	2	1	1	2				4	1	2	1	2	3	2	2		2	3	75		2	2	1	2	1	45	1.089506842
97	2	1	1	20	4	1	1	1	1	2	3	1	3	3	1	2			2	1	2	2	2	1	2	1	1	1		1	4	1	3	3	3	1	1		5	5	67		2	1	4	1	1	12	1.3287729507
107	2	2	2	20	2	2	2	2	1	1	2	1	3	1	2				2	2	2	2	2	1	1	1	1	2		4	2	2	1	2	3	2	3	2	3	7	72		2	2	1	3	1	37	0.517684928
117	2	2	2	2	1	2	1	2	1	1	2	1	1	1	1	10	14		2	2	2	1	1	1	2	1	1	2		3	1	1	1	2	3	2	3	3	3	6	99	3	2	2	9	3	1	45	0.833792644
139	1	1	2	20	1	2	1	1	1	1	2	1	1	1	1	8			2	2	2	2	2	1	2	1	2	1		2	2	2	2	2	2	2	2		4	2	66		2	2	1	1	2	54	1.207687133
143	2	1	1	20	2	1	1	1	1	1	1	1	1	1	3				1	2	2	2	2	1	2	1	1	1		2	5	1	1	3	3	1	1		5	5	68		1	2	1	3	1	12	0.709296735480002
145	1	2	2	20	3	3	1	2	1	1	2	9	1	1	2				2	2	2	2	2	2	1	1	1	2		4	2	3	2	2	3	1	2		3	3	83		2	2	1	2	2	36	1.154740286
146	1	2	2	14	2	2	1	1	1	1	3	9	1	1	2				2	2	2	1	2	2	1	1	1	2		3	2	5	2	1	3	2	3	2	3	7	90		2	2	1	9	2	13	0.573838917
149	2	2	2	20	4	2	1	1	1	2	1	1	3	3	1	11	2	9	2	1	2	2	2	2	1	1	1	2		4	2	4	1	2	1	9	2		2	8	50		2	2	1	4	2	23	0.472233334
152	2	2	2	20	3	2	2	2	9	1	1	9	1	1	3				2	2	2	2	2	1	1	1	1	2		4	2	2	1	3	3	9	2		4	5	24		2	1	5	4	1	45	2.134616516
178	2	2	2	2	1	4	3	2	1	1	2	2	3	3	1	2			2	2	2	2	2	1	1	1	1	2		4	1	2	1	2	3	2	2		3	8	54		2	2	1	3	2	12	0.493886052
182	1	1	1	20	1	2	1	1	1	2	3	9	3	1	1	10			2	1	2	2	2	2	1	1	1	1		1	4	4	1	1	3	1	1		5	4	57		2	2	1	3	2	13	1.213725568665
191	1	2	2	14	2	2	1	2	9	1	9	1	3	1	2				2	2	2	2	2	1	2	1	3	8	9	4	5	2	3	1	3	2	2		3	3	36		2	2	1	1	1	34	1.488708791
193	2	1	1	20	3	1	9	1	1	2	2	1	1	2	2				2	2	2	2	2	2	2	1	1	1		1	4	3	3	2	3	1	1		4	5	67		2	2	1	2	2	45	0.786235118504999
203	2	1	2	1	1	3	1	1	2	1	1	2	3	3	1	2			1	1	2	2	1	1	1	1	1	2		2	1	3	2	2	1	1	3	2	3	6	58		2	2	2	2	2	36	1.007586439
205	1	1	2	1	2	3	2	3	2	1	3	2	3	3	3				2	2	2	2	1	2	2	1	3	1		2	3	1	1	2	3	1	1		3	7	25		2	1	4	4	1	36	1.184101983645
207	2	2	2	20	1	2	1	2	9	2	2	1	3	1	1	3			2	1	2	2	2	1	1	2				3	3	4	2	2	3	2	2		2	7	28		2	2	1	4	1	34	0.628926985
211	2	2	2	1	2	2	1	2	1	1	1	3	3	1	2				2	2	2	2	2	2	2	1	1	2		4	1	2	3	2	3	2	3	2	3	5	57		2	2	1	3	1	51	0.705767896
238	1	1	1	2	1	1	1	1	1	9	1	9	1	9	2				2	2	2	1	2	1	1	2				1	2	9	9	2	3	9	1		9	1	92		2	2	1	8	2	36	1.16051398743
241	2	2	2	3	1	3	1	9	9	9	2	9	3	3	2				2	2	2	2	2	2	1	1	1	8	9	5	5	9	3	2	2	2	9	9	9	4	40		1	2	1	2	1	42	1.488708791
249	2	2	2	4	2	1	1	2	1	3	1	2	1	1	1	10	4		2	2	2	2	2	1	1	1	1	2		4	2	1	3	1	3	2	2		1	7	31		2	2	3	1	1	34	1.238066869
251	2	1	1	20	1	9	1	1	1	2	2	1	1	1	1	8	2		2	1	2	2	2	2	1	1	2	6	1	1	4	1	3	3	1	1	3	1	4	5	48		2	2	1	3	1	51	0.920328761
260	1	2	2	20	2	4	2	2	1	1	2	2	3	1	1	2			2	1	2	1	2	2	1	1	1	2		4	2	3	1	2	3	2	2		1	7	35		1	2	1	2	1	37	0.445555987
271	1	1	1	20	2	1	1	1	1	1	1	1	1	1	2				2	2	2	2	1	1	1	1	1	1		1	4	1	1	3	1	1	1		5	7	57		2	2	1	4	2	12	0.576708111585
274	1	2	2	20	1	3	1	2	2	2	1	2	3	3	1	98			1	1	1	2	1	1	1	1	1	2		3	2	4	2	2	3	2	2		3	7	55		2	2	2	3	1	12	0.69731913
280	2	1	9	20	1	1	1	1	2	1	1	1	1	3	3				2	1	2	2	2	1	2	2				1	3	1	1	2	1	1	3	1	3	5	41		2	2	2	2	1	12	1.239678453
291	2	2	2	20	3	4	2	2	1	3	3	1	3	3	1	10			1	2	1	2	2	2	1	1	1	2		4	2	2	3	2	3	2	2		3	7	33		1	2	1	4	2	11	0.697147552
293	2	2	2	20	4	4	2	2	1	2	2	3	9	9	1	8	18		1	1	1	2	2	1	1	1	1	2		4	2	4	1	1	2	2	4	1	3	8	47		1	2	1	4	1	36	0.426022133
296	2	2	2	20	1	4	2	2	3	2	2	2	3	3	1	10	14		2	1	2	2	1	2	2	1	2	2		4	4	4	2	2	1	2	2		1	7	65		2	2	1	4	1	34	0.494988831
297	2	1	1	28	2	2	1	1	1	2	2	1	1	1	2				2	2	2	2	2	1	1	1	1	1		2	4	3	3	2	3	1	1		3	7	29		1	2	1	3	2	42	0.700633289760002
310	2	2	2	20	1	3	2	2	1	1	2	2	3	1	2				2	2	2	2	2	2	1	1	1	2		4	1	2	1	2	3	2	2		3	3	64		2	2	2	3	2	34	1.55542966
313	1	1	1	9	4	1	1	1	1	2	2	1	1	1	2				2	2	2	2	2	2	1	1	1	1		4	3	2	3	1	2	1	1		4	3	59		2	2	1	4	1	36	1.046949904995
316	2	1	1	28	4	1	2	1	2	2	2	1	2	2	2				2	2	2	2	2	2	2	1	1	1		1	4	2	3	2	1	1	1		5	7	58		2	2	1	4	1	51	0.52027335264
318	1	2	2	20	1	3	1	2	1	1	1	1	1	1	2				2	1	2	2	2	1	1	1	1	2		4	1	1	1	1	3	2	2		3	4	66		2	2	2	3	1	36	1.403220429
319	1	1	1	30	2	1	1	1	1	3	1	3	1	1	3				2	2	2	2	2	2	9	1	1	1		1	5	9	1	2	3	9	1		3	6	70		2	2	1	9	2	36	0.751765371225
320	1	1	1	20	2	2	1	1	3	2	2	3	1	1	2				2	2	2	2	2	1	1	1	1	1		1	3	2	3	1	1	1	3	1	5	7	75		2	2	1	2	1	12	0.517684928
322	2	1	1	20	4	1	1	1	1	2	2	1	1	1	3				9	9	9	9	2	2	2	2				1	4	4	3	2	1	1	1		5	5	50		1	2	1	4	2	54	1.025258865375
326	2	1	2	20	3	2	1	1	1	1	2	1	1	1	1	2	6		2	1	1	2	2	1	1	1	1	8	9	2	1	3	2	1	3	2	4	2	4	6	32		2	2	2	1	2	24	1.626737438
334	1	9	2	20	1	2	2	2	1	1	3	2	3	1	1	10			1	2	2	2	2	1	1	1	1	2		4	1	2	2	1	3	2	2		3	7	64		2	2	1	3	2	36	0.548680943
344	2	2	2	2	1	2	2	2	1	1	3	1	9	1	2				2	2	2	2	2	1	2	1	1	2		4	1	1	3	2	3	2	2		3	7	53		1	2	2	4	1	24	0.573849782
346	1	1	2	20	2	2	9	1	1	2	9	9	2	2	3				2	2	2	2	2	2	2	2				2	5	9	3	2	3	1	1		3	2	77		2	2	1	3	2	37	1.213725568665
350	2	2	2	5	1	2	1	2	1	2	1	1	3	1	1	10	18		2	1	2	2	1	2	1	1	2	2		4	1	2	1	2	2	2	1		5	2	60		2	2	1	4	2	42	1.16051398743
351	2	2	2	20	1	2	2	2	1	1	2	3	3	3	1	1			1	1	2	1	1	1	1	1	1	2		4	1	2	3	2	2	9	2		3	8	55		2	2	1	4	2	36	0.548680943
363	1	2	2	9	1	3	2	2	1	2	2	2	3	3	1	9	98		1	2	2	2	1	1	1	1	1	2		4	4	4	1	2	3	2	2		1	8	65		2	2	1	3	2	12	0.573838917
367	2	1	1	20	1	3	2	1	1	1	1	2	3	1	1	8			2	2	2	2	2	1	1	1	1	2		2	1	4	3	1	3	2	2		1	7	72		2	2	1	1	2	12	0.573838917
376	1	1	1	1	2	2	1	1	9	1	2	3	1	1	1	8			2	1	2	2	2	1	1	1	1	1		2	3	2	3	2	3	1	1		4	3	82		2	2	1	2	2	42	1.16051398743
383	2	2	2	20	1	3	1	2	1	1	2	1	3	1	1	10			2	2	2	2	2	1	1	1	1	2		4	2	1	3	2	3	2	2		1	3	83		2	2	1	9	1	25	1.041741199
384	1	2	2	20	2	4	3	2	1	2	2	3	3	1	1	1	6		1	2	2	2	2	1	1	1	1	2		4	2	3	1	2	3	2	2		3	6	58		2	2	1	4	2	26	0.824367198
386	2	1	1	20	1	2	1	1	1	1	2	1	1	1	1	10			2	2	2	2	2	1	1	1	1	1		1	4	2	3	2	3	1	1		2	5	70		2	2	1	1	2	9	0.751765371225
391	1	1	1	30	3	2	1	1	2	2	2	2	1	2	3				2	2	2	2	2	2	2	1	1	1		1	4	1	3	2	3	1	1		5	3	60		2	2	1	9	1	21	1.09495437621
393	2	9	2	20	2	3	1	2	1	2	2	1	2	3	2				2	2	2	2	2	2	2	1	1	8	9	4	3	2	2	3	1	2	1		4	6	30		2	1	4	3	1	9	2.05123682935499
403	2	1	3	3	4	1	3	1	2	2	2	2	1	1	9				2	1	2	2	2	2	2	1	3	1		1	4	1	3	1	3	2	9	1	5	8	45		1	2	1	2	1	37	0.445555987
406	1	1	3	20	2	2	1	1	1	2	1	1	1	1	2				2	2	2	1	1	1	1	1	1	1		2	4	3	3	2	1	1	1		4	7	76		2	2	1	4	1	55	0.54823392798
409	1	2	2	20	1	3	1	2	9	1	2	2	3	3	2				2	2	2	2	2	1	1	1	2	2		4	2	2	3	2	3	2	2		1	7	70		2	2	5	2	1	13	1.019082617
411	1	1	1	9	1	1	1	1	2	2	3	2	1	1	1	10	9		2	2	2	1	2	2	1	1	1	1		1	4	1	3	2	3	1	1		5	5	75		2	2	1	3	2	42	0.751765371225
412	1	2	2	28	2	3	2	2	1	2	2	2	3	3	1	14			2	2	2	2	2	2	2	1	1	2		4	2	1	2	2	2	2	2		2	7	56		2	2	1	3	1	12	0.517684928
416	1	9	9	20	2	4	2	3	9	1	3	2	3	3	2				2	2	2	1	2	1	1	2				5	1	5	3	2	2	2	4	3	4	2	85		2	2	2	1	2	13	1.62674881
420	1	1	1	20	2	2	1	1	1	1	3	1	1	1	1	8			2	2	2	1	1	1	2	2				2	2	2	3	2	3	1	3	3	3	3	55		2	2	1	3	2	39	1.272590759
425	2	1	1	1	2	3	2	2	2	3	2	2	2	2	2				2	2	2	2	1	2	1	2				2	4	2	1	2	3	1	4	1	4	2	22		2	2	1	2	1	19	2.040105221
427	1	2	2	16	2	3	3	2	1	1	1	3	1	1	1	10	9		2	2	2	2	2	2	1	1	1	2		4	2	1	1	2	3	1	2		1	8	73		2	2	1	4	1	42	0.494988831
429	1	1	1	20	2	2	1	1	1	2	1	2	1	3	2				2	2	2	2	2	2	1	1	1	1		2	4	2	1	2	3	1	1		4	6	43		1	2	1	2	1	1	0.924930404804998
430	1	1	1	20	1	2	1	1	1	1	1	2	1	1	3				2	2	2	2	1	2	2	1	1	1		2	2	3	2	3	1	1	1		3	7	60		2	2	1	3	2	45	0.576708111585
431	2	2	2	2	1	3	1	2	1	1	2	1	3	3	1	10	2	18	2	2	2	2	2	1	1	1	1	2		4	2	1	1	1	3	2	2		2	3	68		2	2	1	1	1	51	1.089506842
445	1	1	1	28	1	1	1	1	2	1	1	2	1	3	2				2	2	2	2	2	1	1	1	1	1		1	4	1	1	1	1	1	1		5	2	91		2	2	1	2	1	9	1.046949904995
448	2	1	1	20	2	1	1	1	1	3	1	1	1	1	2				2	2	2	2	2	2	1	2				1	2	1	1	2	1	1	1		3	8	65		2	2	1	4	1	33	0.497463775155
454	1	2	1	7	1	3	1	3	1	1	3	1	1	1	2				2	2	2	1	2	1	1	1	1	2		4	1	1	3	1	2	1	2		2	8	84		2	2	2	1	2	39	0.814498676
455	1	2	2	20	1	2	2	2	2	1	1	2	3	3	1	2			2	1	2	2	2	1	1	1	1	2		4	1	1	1	1	3	2	2		2	7	56		2	2	1	4	2	1	0.573838917
457	1	1	1	20	1	1	1	1	1	2	1	1	3	3	2				2	2	2	2	1	2	2	1	1	2		5	5	2	3	1	1	2	2		4	3	60		2	2	2	1	1	18	1.546430286
461	2	2	2	1	2	1	1	2	1	2	2	2	1	1	2				2	1	2	2	2	2	1	1	1	2		5	2	2	3	1	1	2	2		2	5	25		2	2	1	2	2	8	1.212802043
464	1	2	2	20	1	4	2	2	1	1	3	2	3	9	2				1	1	9	9	2	9	1	1	1	6	2	4	2	2	3	2	1	2	2		2	8	72		2	2	3	4	2	25	1.080099461
477	1	1	1	20	3	9	1	1	1	1	1	9	1	9	2				2	1	2	2	2	1	1	1	1	1		1	4	2	3	2	1	1	1		5	5	81		2	2	1	3	1	48	0.681077221890001
479	2	2	2	20	2	3	1	2	1	3	3	3	1	1	1	1	6	8	2	2	2	2	2	1	1	1	1	2		4	2	2	1	2	3	2	3	2	3	8	51		1	2	1	4	1	20	0.469501096
480	2	1	1	2	2	2	1	1	1	2	2	2	2	2	1	2	9		2	1	2	2	2	2	2	1	1	2		2	2	2	2	2	3	1	2		3	7	29		2	2	1	3	2	39	0.76829703
481	2	1	3	3	2	2	3	9	1	2	2	2	1	1	3				2	1	2	2	2	1	2	1	2	1		2	3	2	3	2	3	1	3	3	3	3	62		2	2	1	1	1	48	1.046160593
492	2	2	2	6	1	4	2	2	1	2	2	2	3	3	2				2	2	2	2	2	1	2	1	1	2		4	2	2	2	1	2	2	3	2	2	8	74		2	2	1	1	2	22	0.573838917
495	2	1	2	9	3	1	1	1	1	2	1	2	1	1	3				2	2	2	2	2	2	2	1	1	1		1	4	1	3	1	3	1	1		5	3	70		2	2	1	1	2	47	1.213725568665
503	1	2	2	20	2	2	1	2	3	1	1	3	3	1	1	10	9		2	2	2	2	1	2	1	1	1	2		4	1	1	1	2	3	2	2		2	8	72		2	2	1	3	2	48	0.55100862
509	1	2	2	20	1	3	2	2	2	1	2	1	3	3	1	6	14		2	2	2	1	1	1	1	1	1	2		4	2	2	3	2	3	2	2		3	7	45		2	1	4	3	2	48	0.888419279
510	1	1	1	20	2	2	1	1	1	2	2	1	1	1	2				1	2	2	2	2	2	2	1	1	1		1	4	2	3	2	1	1	4	1	5	8	52		1	2	1	4	1	39	0.469501096
511	1	2	2	2	2	3	2	2	1	3	2	2	1	1	1	8			2	2	2	2	2	2	1	1	1	2		4	1	1	1	2	3	2	3	2	2	5	77		2	2	1	9	1	55	0.743697335
512	1	2	2	20	1	2	3	2	2	1	2	9	1	3	1	10	14	9	2	2	2	2	1	1	1	1	1	2		4	1	2	9	2	3	2	2		3	7	68		2	2	1	9	2	48	0.55100862
514	1	2	2	20	1	2	3	2	1	3	3	2	3	1	1	10			2	2	2	2	2	1	1	1	1	2		3	2	3	3	2	3	2	3	2	3	6	65		2	2	1	3	1	19	0.743697335
515	1	2	2	20	1	4	1	2	2	1	2	1	1	1	1	18			2	2	2	2	2	2	1	1	1	2		4	1	2	1	1	2	2	2		1	5	81		2	2	2	1	2	17	1.110418686
516	2	1	1	3	2	2	2	2	1	2	2	2	2	1	2				2	2	2	2	2	2	2	2				5	5	2	3	2	3	1	3	3	3	6	55		2	2	1	1	1	48	0.677688778
521	1	1	1	30	4	1	9	1	2	2	3	3	1	3	2				2	2	2	1	1	2	1	1	1	1		1	4	1	9	3	3	1	1		9	5	57		2	2	1	2	2	29	0.828489033990003
529	1	9	2	2	2	3	9	2	9	9	2	2	9	3	3				1	1	2	2	2	1	2	1	2	2		4	1	5	1	1	2	2	2		2	6	65		2	2	1	2	2	38	0.824367198
536	1	1	3	2	1	2	1	1	1	1	3	1	3	3	1	10	9		9	9	9	9	9	9	9	1	2	1		1	4	1	1	1	2	2	1		5	8	72		2	2	1	1	2	17	0.607701609089999
540	2	1	1	2	2	2	1	1	1	1	1	1	1	1	2				2	2	2	2	2	2	2	1	1	1		1	4	1	1	2	1	1	1		5	5	63		2	2	1	2	2	5	0.786235118504999
547	2	1	1	20	3	1	1	1	1	2	2	1	1	1	1	14			2	1	2	2	2	1	1	1	1	1		2	3	2	3	2	1	1	3	1	3	5	45		2	2	1	2	2	48	0.979570881
551	1	1	1	20	1	1	1	1	1	2	2	1	3	3	1	6			1	1	2	2	2	2	1	1	1	1		2	3	1	3	2	1	1	1		4	4	47		1	2	1	4	1	27	1.64884663509
558	1	2	2	20	1	2	2	2	1	1	1	2	3	3	2				2	2	2	2	2	2	1	1	1	2		1	2	2	3	1	3	2	2		3	6	73		2	2	2	2	2	28	1.053786026
565	1	1	1	20	3	2	1	1	1	2	3	3	1	1	2				2	2	2	2	2	1	2	1	1	1		1	4	1	3	2	1	1	1		5	3	69		2	2	1	2	2	39	1.278953712795
570	1	2	3	3	4	2	9	1	9	1	1	9	1	1	3				2	2	2	2	2	1	2	1	3	8	9	5	5	3	2	2	3	2	3	3	3	5	33		1	2	2	2	2	29	1.792758991
589	2	1	1	20	2	2	1	1	1	2	2	1	1	1	1	5			2	2	2	2	1	1	1	1	3	9	9	5	5	2	3	2	3	1	1		4	3	18		2	2	1	4	1	27	2.050305747105
592	1	2	2	14	2	3	1	2	1	1	2	9	3	3	1	18			1	2	2	1	2	1	1	1	1	2		4	2	2	2	1	2	2	2		3	7	77		2	2	1	2	1	17	0.545506396
601	2	1	1	20	3	1	1	1	2	2	2	1	1	1	1	2			2	1	2	2	2	2	1	1	1	8	1	1	4	1	1	2	1	1	3	1	5	3	64		2	2	1	2	1	55	1.148059212
611	2	1	1	20	3	3	1	1	1	2	2	1	1	1	3				2	2	2	2	2	2	2	1	1	1		2	4	2	1	3	1	1	3	1	5	8	62		2	2	1	4	2	17	0.604678218
628	1	2	1	20	1	4	1	2	9	1	1	2	3	3	3				2	2	2	2	2	1	2	2				5	1	9	3	3	1	2	2		5	3	53		2	2	2	8	2	47	2.324718707
629	1	2	2	1	1	4	2	2	2	2	3	2	3	3	1	2	8		2	1	1	2	2	1	1	1	1	2		4	1	2	3	1	2	2	2		1	5	50		1	2	2	2	1	47	1.239678453
635	1	1	1	20	4	1	1	1	1	2	3	1	1	3	1	14			2	2	2	2	1	1	1	1	1	1		1	4	1	3	1	3	1	1		1	3	50		2	2	1	3	2	21	1.73448446193001
637	1	2	2	20	1	2	2	2	2	2	2	2	3	3	1	2	8		2	1	2	2	2	2	1	1	1	2		4	2	2	1	1	2	2	2		2	5	59		2	2	2	2	2	39	1.110418686
638	2	1	2	3	1	1	1	1	1	1	1	1	1	1	1	18			2	1	2	1	2	1	2	1	1	8	9	1	1	4	2	1	1	2	2		3	1	63		2	2	2	1	1	17	1.546430286
648	1	1	1	9	3	2	1	1	2	2	1	1	1	2	2				2	2	2	2	2	2	1	1	1	1		1	3	2	3	3	1	1	1		3	3	66		2	2	1	3	1	17	1.15379950806
650	2	2	2	5	1	4	2	2	1	1	1	2	3	1	1	10			2	2	2	1	1	1	1	1	1	2		4	1	1	1	2	2	2	3	2	3	7	64		2	2	1	4	1	17	0.545506396
654	1	2	2	13	1	3	1	2	1	1	1	1	3	1	2				2	1	2	2	2	1	1	2				4	1	1	2	1	3	2	2		1	2	70		2	2	1	1	1	21	1.089506842
656	2	2	2	16	2	2	1	2	3	1	2	2	2	1	2				2	2	2	2	2	1	1	1	1	2		4	1	2	3	2	2	1	2		3	7	83		2	2	1	2	2	18	0.604678218
661	1	1	2	19	2	2	1	1	1	2	2	1	1	1	2				2	2	2	2	2	2	2	1	1	1		3	4	3	3	1	3	1	3	1	5	7	62		2	2	1	9	1	39	0.545506396
667	2	1	1	20	3	1	1	1	1	2	2	1	1	1	1	5			1	2	2	2	2	1	2	2				2	3	2	3	2	3	1	1		4	3	19		2	2	1	4	1	55	2.050305747105
670	2	2	2	9	1	4	1	3	3	3	2	2	3	3	1	2			2	2	2	2	2	1	1	2				4	4	3	1	3	3	2	3	2	2	7	24		2	2	1	3	1	21	0.657764379
678	1	1	1	20	2	3	1	1	1	2	2	1	3	3	1	10			2	2	2	2	2	1	1	1	1	1		1	4	1	1	1	1	1	1		5	7	68		2	2	1	3	2	28	0.576708111585
682	1	1	1	1	1	1	1	1	1	1	1	1	3	3	1	10			2	2	2	2	2	1	1	1	1	8	1	2	2	1	3	2	9	1	1		4	7	71		2	2	1	3	2	29	0.607701609089999
690	1	1	1	14	2	1	1	1	1	2	2	1	3	1	2				2	2	2	2	1	2	2	1	1	1		1	4	1	3	2	1	1	1		5	2	34		1	2	1	1	1	29	2.050305747105
698	2	1	1	5	3	1	1	1	1	1	1	1	1	1	2				2	2	2	2	2	2	2	1	1	1		1	4	2	3	2	3	1	1		3	7	65		2	2	1	3	1	37	0.52027335264
705	2	2	2	20	1	4	2	2	2	1	2	2	3	3	1	3			2	1	2	2	2	2	1	1	1	2		4	1	4	3	2	3	2	2		3	8	33		2	2	3	3	2	48	1.378183657
706	1	2	2	9	3	2	1	2	2	1	1	1	3	3	3				2	2	2	2	2	2	2	1	1	2		4	1	2	3	1	3	2	1		2	8	58		2	2	2	9	1	48	0.672924028740001
707	2	2	2	1	2	3	2	2	2	2	3	2	1	9	1	8			2	2	2	1	1	1	1	2				4	4	3	2	1	3	9	4	2	2	5	25		2	1	3	2	1	40	2.049690368
708	2	2	2	20	2	2	2	2	2	2	2	2	3	3	1	1	14	8	1	2	2	1	2	1	1	1	2	8	9	3	2	3	2	1	2	2	3	2	3	8	45		1	2	3	4	1	34	0.838640893
712	1	1	1	20	1	3	2	1	9	1	1	9	3	1	1	10	18		2	2	2	1	2	1	1	1	2	1		2	3	2	2	2	3	1	3	1	4	3	74		2	2	1	1	2	19	1.272590759
715	1	2	2	28	3	1	9	1	9	1	1	1	9	9	3				2	2	2	2	2	2	2	2				2	5	9	3	1	9	9	2		3	7	81		2	2	1	2	2	4	0.55100862
719	2	1	3	8	2	2	1	1	2	2	1	2	1	1	2				2	2	2	2	2	2	1	1	1	1		2	4	1	3	2	1	1	3	1	4	7	59		1	2	1	4	1	8	0.497088729
729	1	1	1	20	2	2	1	1	1	2	1	2	3	1	3				2	2	2	2	2	2	2	1	1	1		1	4	1	3	2	1	1	1		5	5	80		2	2	1	9	2	32	0.754954596014999
734	1	2	2	20	1	3	2	2	1	1	2	2	3	3	1	1	6		2	2	2	2	2	1	1	1	1	2		4	2	3	1	2	3	2	3	2	3	8	44		1	2	2	4	2	48	0.638794569
741	1	1	1	20	1	2	1	1	1	2	1	1	1	1	2				1	2	2	2	1	2	1	1	1	1		2	3	2	3	2	3	1	1		4	7	99	2	2	2	1	4	2	48	0.47660787948
742	1	2	2	20	1	2	2	2	1	1	2	2	1	1	2				1	2	2	2	2	1	1	2				3	5	3	3	2	9	2	1		4	8	27		2	2	3	3	2	6	1.344360178095
743	1	1	2	20	1	3	1	1	1	1	1	2	1	9	1	10	18		2	1	9	1	1	1	1	1	1	1		1	4	1	1	1	1	1	1		4	3	86		2	2	1	2	2	48	1.165437252285
746	2	2	2	20	1	3	2	2	1	3	2	2	3	1	1	8	18	14	1	2	1	1	2	1	1	1	1	2		4	2	3	9	2	3	2	2		3	8	99	2	1	2	3	4	2	6	0.906111226
749	2	1	1	9	1	1	1	1	9	9	9	1	1	9	2				2	2	2	2	2	2	2	1	1	1		1	4	1	1	2	3	1	1		5	9	82		2	2	1	9	2	6	0.849108575775
759	2	2	2	20	1	2	2	2	1	1	1	1	3	1	1	2	6	14	2	1	2	2	2	2	1	1	1	2		4	1	1	3	2	3	2	2		3	8	71		2	2	1	2	2	41	0.53481167
767	2	1	3	30	3	2	1	1	1	1	2	1	1	1	3				2	2	2	2	2	2	9	2				2	5	2	3	2	3	1	9	9	9	7	72		2	2	1	9	2	16	0.55100862
784	2	1	3	2	4	2	1	1	1	2	2	9	2	2	2				2	2	2	2	2	2	2	1	2	1		1	3	2	3	2	1	1	3	1	3	4	69		2	2	1	2	2	30	1.159639057
797	2	2	2	20	2	3	2	2	1	1	2	2	3	1	2				1	2	2	2	2	1	1	2				4	3	2	1	2	3	2	2		3	2	18		2	2	2	3	2	6	2.694136863
801	2	1	1	28	4	2	3	1	3	2	1	3	1	2	2				2	2	2	2	2	2	2	1	1	1		1	3	9	3	2	3	1	3	1	4	8	67		2	2	1	4	2	32	0.55100862
803	2	1	1	20	4	1	1	1	9	2	2	1	2	2	1	18			2	2	2	2	2	2	1	1	1	1		1	4	1	1	3	1	1	1		5	3	52		2	2	1	3	2	6	1.61652077592
818	2	9	2	3	1	4	1	2	1	1	2	1	3	3	1	2			2	1	2	2	2	2	2	1	5			5	4	4	2	1	3	2	2		1	8	46		1	2	1	4	2	6	0.460296464
821	2	9	1	20	3	3	1	1	1	2	1	2	2	1	2				2	2	2	1	2	1	1	2				2	4	2	3	2	3	9	1		3	1	83		2	2	1	2	2	16	1.165437252285
857	2	1	9	1	3	2	1	1	2	2	1	2	2	2	2				2	1	9	2	2	2	2	1	1	1		1	4	2	1	3	1	1	1		5	4	66		2	2	1	3	2	41	1.13117911479
879	2	2	2	3	4	4	9	2	1	1	9	9	3	1	3				2	2	9	2	2	2	1	1	1	2		4	2	3	2	2	3	2	2		2	5	22		2	2	1	9	1	6	1.061959427
892	2	2	3	20	1	2	1	2	2	1	1	1	3	1	2				1	2	2	2	1	2	1	1	1	2		3	5	2	3	2	2	2	3	3	4	7	44		2	1	1	3	2	35	0.888419279
897	2	2	2	30	4	1	2	2	1	2	2	2	2	1	3				2	2	2	2	2	1	1	1	2	2		5	5	2	3	2	3	2	3	2	3	3	19		2	1	4	3	2	32	3.86041444
914	2	1	1	20	1	2	1	1	1	3	3	3	1	1	2				1	2	9	2	2	2	2	1	1	1		1	4	1	1	3	1	1	3	1	5	3	61		2	2	1	3	2	11	1.154740286
927	2	2	1	30	2	1	1	1	1	1	1	1	2	1	2				2	2	9	1	2	2	1	1	2	2		4	2	2	3	2	2	9	1		5	7	77		2	2	1	3	2	6	0.53748572835
933	2	1	2	20	1	1	1	1	1	1	1	1	1	1	3				1	1	2	1	1	1	2	1	1	2		4	1	4	3	3	1	2	3	2	4	5	72		2	2	1	1	2	6	0.729117049
935	2	2	2	16	1	2	3	2	1	3	1	3	3	1	2				2	2	9	2	2	2	1	1	1	2		4	2	3	3	2	3	2	4	2	1	3	64		2	2	1	3	2	6	1.125551358
936	2	1	2	8	4	1	2	1	2	2	2	3	2	2	2				2	1	2	2	2	2	1	1	2	1		2	4	2	3	2	3	1	1		4	7	35		2	2	1	4	1	41	0.41732963283
938	2	1	1	2	2	2	1	1	1	1	1	2	2	3	2				2	2	2	1	2	1	2	2				1	3	1	1	1	2	2	4	1	3	5	68		2	2	1	3	1	6	0.657768053
948	2	2	2	20	2	2	2	2	1	2	2	2	3	1	1	9			2	2	2	2	2	2	1	1	1	2		4	2	2	1	2	3	2	2		1	8	60		2	2	1	4	2	6	0.53481167
952	2	1	1	8	4	1	9	1	2	2	2	9	1	2	3				2	2	2	2	2	2	2	1	1	1		1	4	1	1	3	3	1	1		5	3	37		1	2	1	3	1	6	1.4583333699
955	2	1	2	20	1	2	1	1	1	3	3	1	1	1	2				1	2	2	2	2	1	1	1	1	1		2	2	3	2	1	3	2	4	1	9	3	34		2	2	1	1	2	6	2.000108685
972	2	1	1	20	2	2	1	1	1	2	1	2	1	1	2				1	2	2	2	2	2	1	1	1	1		2	3	2	3	2	1	1	3	1	3	3	65		2	2	1	4	2	6	1.125551358
991	2	2	2	20	1	3	2	2	1	3	2	2	3	3	2				2	2	2	2	2	2	2	1	1	9	9	5	5	1	3	1	2	2	4	3	3	7	57		2	2	9	9	1	6	0.569996985
993	2	9	2	20	3	3	1	2	1	1	1	9	3	3	2				2	1	2	1	2	1	1	2				5	5	2	2	2	1	2	3	2	4	3	24		1	2	3	8	2	53	3.937290585
996	2	1	1	20	1	2	1	1	1	2	1	2	3	3	1	2			2	1	2	2	2	1	1	1	1	1		1	4	1	1	1	1	1	3	1	5	3	61		2	2	1	3	2	48	1.159639057
1003	2	1	1	20	3	2	1	1	1	1	1	1	1	1	2				2	2	2	2	2	2	2	1	1	1		1	4	1	3	2	3	1	1		3	6	66		2	2	1	3	2	41	0.732762634245
1012	2	2	2	20	2	3	1	2	9	3	9	1	1	1	2				2	1	9	2	2	9	2	1	1	2		4	2	9	1	2	3	2	2		3	5	46		2	2	1	3	1	6	0.85773646
1015	2	9	3	3	2	2	1	1	1	1	1	1	1	1	1	10			1	1	1	2	2	1	1	2				5	5	2	3	1	1	9	4	2	3	2	37		1	2	1	1	2	41	1.608478384
1016	2	1	1	20	1	1	1	1	9	2	9	2	1	9	1	10	14		2	2	2	2	2	1	1	2				1	4	1	1	2	2	1	1		5	6	70		2	2	1	9	2	53	0.732762634245
1023	2	2	2	20	1	4	1	2	3	2	2	2	3	1	1	14	18		2	1	1	2	1	1	2	1	1	2		4	5	4	2	1	2	9	2		2	3	28		1	2	5	2	2	6	3.937290585
1026	2	2	2	20	1	3	1	2	9	2	2	2	3	3	1	4	10		1	2	2	1	1	1	1	1	1	2		4	2	3	2	2	3	2	3	2	3	7	36		2	2	3	3	2	8	0.933553108
1027	2	2	2	2	2	2	1	2	1	1	1	1	3	1	1	10			9	9	9	2	2	1	1	1	1	2		4	1	3	1	2	3	2	2		2	8	82		2	1	4	3	1	6	0.903855939
1028	2	2	2	20	2	3	1	2	1	1	2	2	3	1	1	10			1	2	2	2	2	2	1	1	1	2		3	2	2	2	2	3	2	3	1	4	7	48		2	1	4	4	1	6	0.777921866
1031	2	9	3	20	2	1	1	3	1	2	3	1	1	1	2				2	2	2	2	2	2	2	1	1	8	1	2	2	2	3	2	3	1	2		3	6	29		2	2	1	2	1	6	1.061959427
1035	2	1	1	3	1	1	1	1	1	1	1	1	1	1	1	18			2	2	2	2	2	2	1	2				2	5	1	3	2	3	9	9	3	1	8	34		2	2	3	3	2	6	1.337671819
1037	2	9	1	20	1	2	1	1	1	1	2	1	1	1	2				2	2	1	2	2	2	2	1	3	8	9	2	5	2	2	3	3	9	3	2	3	8	99	2	1	2	2	4	1	53	0.559344304
1038	2	2	2	20	1	2	2	2	2	2	2	2	3	3	1	5	11		2	2	2	2	2	1	1	2				4	3	4	3	2	3	2	2		1	5	19		2	1	4	3	1	6	1.989439527
1047	2	1	1	5	1	2	2	2	1	2	2	2	3	3	1	10	1		1	2	2	2	2	1	1	2				2	4	2	2	2	3	1	3	1	3	5	24		2	2	1	4	1	53	1.061959427
1049	2	2	2	20	1	2	1	2	1	1	1	1	1	1	1	2	18		2	1	2	2	2	2	1	1	1	2		4	5	1	1	1	3	2	3	2	3	7	99	3	2	2	2	4	2	6	0.72038877
1053	2	2	2	20	1	2	1	2	1	2	2	3	3	1	2				2	2	2	2	2	1	2	1	1	2		4	1	2	1	2	2	2	2		1	5	73		2	2	1	1	2	41	0.729117049
1057	2	2	2	20	3	1	2	2	1	2	2	1	3	2	1	4	14	5	1	1	2	2	2	1	1	1	1	6	2	3	3	4	3	2	2	2	3	2	2	6	31		1	2	1	4	1	6	1.061959427
1060	2	2	2	20	1	4	2	2	1	1	1	2	3	1	1	10			2	2	2	2	1	1	1	9				4	2	2	2	2	3	2	2		1	5	72		2	2	1	1	2	53	0.729117049
1079	2	1	1	1	2	2	1	1	1	2	2	1	1	1	1	2			1	1	2	2	2	2	1	1	1	1		1	3	1	1	2	1	1	1		5	8	62		2	2	1	4	1	51	0.52027335264
1083	1	1	1	30	3	2	1	1	1	2	1	2	1	1	3				2	2	2	2	2	2	1	1	1	1		2	3	2	3	3	1	1	1		3	7	71		2	2	1	4	1	42	0.497463775155
1085	2	1	1	30	4	2	1	1	1	1	1	1	1	1	1	6			2	1	2	2	2	1	1	2				1	1	3	3	2	3	1	1		4	2	18		2	2	1	8	2	13	2.15679456421501
1086	2	1	1	20	2	9	1	1	1	3	3	9	1	1	1	1	6		2	2	2	2	1	1	1	1	1	1		1	4	1	3	3	1	1	1		9	6	53		1	2	1	4	2	45	1.025258865375
1092	1	1	1	20	3	3	9	1	1	3	2	9	1	1	2				9	9	9	2	2	2	1	1	1	1		2	2	2	3	2	1	1	1		4	8	78		2	2	1	4	1	12	0.52027335264
1095	1	1	1	10	1	1	1	1	1	2	1	2	1	1	1	10	11		2	1	2	2	2	1	1	1	1	1		1	1	3	3	2	1	1	2		5	7	73		2	2	1	4	1	36	0.494988831
1100	2	2	2	20	3	2	1	2	1	1	2	1	3	1	1	6			1	1	1	2	2	1	1	1	1	2		4	2	2	3	3	1	2	2		3	8	37		1	2	2	4	1	34	0.573849782
1106	2	2	2	1	2	2	1	2	1	1	2	1	1	1	2				2	2	2	2	2	2	1	1	2	2		4	3	2	3	3	3	1	4	1	3	7	61		2	2	1	4	1	37	0.517684928
1107	1	1	1	2	3	1	9	1	9	2	2	2	1	3	2				2	2	2	2	2	1	2	1	1	1		1	4	1	3	2	3	1	1		5	5	77		2	2	1	2	2	13	0.786235118504999
1109	1	1	1	20	2	2	1	1	9	1	2	3	1	1	1	2	18		1	1	2	2	1	2	1	1	1	1		2	5	2	3	2	3	1	3	1	4	7	31		2	2	1	3	1	36	0.628926985
1118	2	2	2	13	1	3	2	2	1	1	2	2	1	1	1	2	10		2	1	2	2	1	1	1	1	1	6	2	4	3	3	3	2	3	2	2		2	8	31		2	2	2	3	2	13	0.982111704
1123	2	9	1	1	1	2	3	2	1	1	2	1	3	1	1	18	1	2	1	1	2	2	2	2	2	1	1	8	1	2	1	2	1	1	2	2	2		3	6	57		2	1	9	3	2	36	1.401325655
1145	2	2	2	20	2	4	2	2	1	1	9	1	3	1	1	10	5		2	2	2	2	1	1	1	1	1	2		4	2	2	3	2	3	2	2		1	7	27		2	2	1	1	1	9	0.628926985
1158	1	1	2	13	1	3	1	1	1	3	3	2	3	9	1	2			2	1	2	2	2	2	1	1	1	1		3	4	3	3	1	1	1	4	3	5	8	67		2	9	1	4	1	42	0.494988831
1166	1	1	2	20	1	1	1	1	1	1	1	1	3	2	3				9	2	2	2	2	1	2	2				5	1	2	3	1	1	2	2		9	2	57		2	2	1	8	1	36	1.041741199
1168	2	1	1	9	4	4	1	1	9	2	2	2	1	1	3				2	2	2	2	2	2	2	1	1	1		1	5	1	1	1	1	1	4	1	5	2	25		2	2	1	4	1	48	1.859031019
1172	1	1	1	20	3	2	1	3	3	1	1	3	9	3	2				9	2	9	2	2	1	1	1	2	2		4	1	2	1	1	3	2	2		3	6	80		2	2	1	1	2	12	0.782323501
1185	1	1	1	20	1	1	1	1	1	2	2	1	1	1	2				2	2	2	2	1	1	2	1	1	1		1	4	2	2	2	1	1	3	1	3	3	51		2	2	1	3	1	33	1.488708791
1187	1	2	2	7	3	3	1	2	1	1	1	1	3	1	2				2	2	2	2	2	1	1	1	1	2		4	2	2	3	2	3	2	2		3	7	66		2	2	1	3	2	12	0.573838917
1192	2	1	1	20	2	1	1	1	9	1	3	2	1	1	2				2	2	2	2	2	2	2	1	1	1		1	5	1	3	2	1	9	1		4	5	63		2	2	1	3	1	33	0.678200084775
1198	2	2	2	20	1	2	1	2	1	3	3	2	3	1	1	98			2	2	2	2	2	2	1	1	1	2		4	2	4	2	1	2	9	3	2	2	7	60		2	2	1	4	1	42	0.494988831
1203	1	1	1	28	2	2	3	1	2	2	1	3	1	1	2				1	2	2	2	2	2	1	1	1	1		1	4	1	3	2	1	1	3	1	5	8	99	2	2	2	1	4	1	36	0.426022133
1209	2	1	3	20	2	2	1	1	1	1	1	9	1	1	2				2	2	2	2	2	2	1	2				2	5	2	3	3	1	1	1		3	5	19		2	2	1	4	1	25	1.094946721125
1211	1	1	1	29	4	1	1	1	3	3	1	1	1	1	3				1	2	9	2	9	1	2	1	1	1		1	3	1	3	2	3	1	1		5	7	20		2	2	1	1	1	36	0.632071619925
1221	1	1	1	20	3	1	1	1	1	3	1	1	1	1	2				2	2	2	2	2	1	1	1	1	1		2	3	2	3	2	3	1	1		3	7	62		2	2	1	4	2	45	0.576708111585
1222	1	1	1	20	1	1	1	1	1	1	2	1	1	1	1	2	6		2	1	2	2	1	2	1	1	1	1		1	4	1	3	1	1	1	1		4	4	47		1	2	1	3	2	37	1.73448446193001
1225	2	1	2	15	2	1	1	1	1	1	2	1	1	1	1	10	2		2	2	2	2	2	2	1	1	1	2		3	1	4	2	2	3	2	1		3	8	39		1	2	2	4	2	36	0.639276530250001
1228	2	1	1	20	1	2	1	1	2	2	2	1	1	3	2				2	2	2	2	2	1	1	1	1	1		2	3	3	3	3	3	1	4	9	3	3	53		2	2	1	2	1	51	1.556968673
1229	2	1	1	20	1	2	1	1	2	1	1	9	1	3	1	10	9		2	1	2	2	2	1	1	1	1	1		2	3	1	3	2	3	1	3	1	3	7	75		2	2	1	8	2	51	0.573838917
1231	1	1	3	30	3	2	1	1	1	2	1	9	1	1	1	8			2	9	2	2	2	1	2	2				1	2	1	1	2	1	1	1		3	3	86		2	2	1	4	1	12	1.09495437621
1232	2	2	2	2	3	3	1	3	9	1	2	9	3	3	1	2			1	1	9	1	1	2	1	1	1	2		4	3	4	3	2	3	2	2		1	8	44		2	2	1	3	2	11	0.472233334
1238	1	1	1	20	2	1	1	1	1	1	1	1	1	1	2				2	1	9	2	2	1	1	1	1	1		1	4	1	1	2	1	1	1		4	3	42		1	2	1	2	1	12	1.564753516365
1240	2	2	3	28	1	3	1	2	1	1	2	1	1	1	1	2	9		2	1	2	1	2	1	2	1	1	2		4	2	3	2	2	3	2	2		3	6	20		2	2	5	4	1	42	2.144720972
1241	1	2	2	20	3	2	1	2	1	1	1	1	1	1	2				2	2	2	2	2	2	1	1	1	2		4	1	1	3	2	3	2	2		1	8	86		2	2	1	3	2	36	0.548680943
1251	2	1	1	13	2	3	2	2	2	2	2	2	2	2	1	1			1	2	2	2	2	1	2	2				2	5	2	3	2	3	1	4	1	3	8	30		2	2	1	4	1	42	0.628926985
1253	1	1	1	20	1	2	1	1	1	1	1	1	1	1	1	9			2	2	2	2	2	2	1	1	1	9	9	5	5	9	1	2	3	1	9	9	9	2	83		2	2	1	9	2	25	1.154740286
1263	1	2	2	20	4	4	1	2	1	1	1	2	3	3	3				9	2	9	2	2	2	1	1	1	2		4	5	9	9	2	2	2	3	2	5	7	73		2	1	4	3	2	24	1.02788066
1266	1	2	2	2	2	3	2	2	1	1	3	3	3	1	1	6			2	2	2	1	2	1	1	1	1	2		4	1	1	1	3	3	2	2		3	8	44		1	2	3	4	1	23	0.838640893
1275	2	2	2	20	4	4	2	2	2	2	2	2	3	3	1	18			2	2	2	2	2	2	2	2				4	5	4	3	1	2	2	4	3	9	3	53		2	2	1	1	2	12	1.725855186
1281	2	2	2	20	1	4	2	2	1	1	1	1	3	1	2				2	1	2	2	2	1	2	1	1	2		4	3	2	1	2	3	9	3	2	1	7	34		2	2	1	2	1	36	0.628926985
1285	2	2	2	20	2	3	2	2	1	1	2	2	3	1	1	1	9		1	2	2	2	1	1	1	1	1	2		4	2	2	3	2	3	2	2		3	8	28		2	2	1	3	1	42	0.628926985
1286	1	2	2	20	2	3	3	2	1	3	1	3	3	1	1	1	9		1	2	2	2	2	1	2	2				1	2	2	1	2	3	2	2		1	8	57		2	1	2	3	2	37	1.075010772
1291	2	2	2	20	1	2	1	2	9	1	1	9	3	9	1	5	98		1	2	2	2	2	1	1	1	1	2		4	2	2	1	2	2	2	2		2	7	26		2	2	1	3	1	12	0.657764379
1296	2	2	2	20	2	2	3	1	1	3	2	3	3	1	1	11			2	2	2	2	1	2	1	1	2	2		4	1	1	1	2	3	2	2		2	7	32		1	2	1	4	1	39	0.693114009
1298	1	2	2	20	1	2	1	2	1	1	1	1	1	1	1	9			2	2	2	2	1	1	1	1	1	2		4	1	9	1	1	2	2	2		9	7	62		2	2	2	1	2	25	0.739070615
1300	1	2	2	20	2	2	1	1	1	1	1	1	2	2	2				2	2	2	2	2	2	2	1	1	2		4	2	2	3	2	3	2	2		3	7	56		2	2	2	2	2	51	0.772958285
1301	2	1	2	20	1	1	1	1	1	2	1	2	1	1	1	10			2	1	2	2	2	1	1	1	1	1		1	1	9	1	9	1	1	1		3	6	58		2	1	1	4	2	37	1.472906763345
1302	1	2	2	20	1	4	1	2	1	1	2	2	3	3	1	8			1	2	2	2	1	1	1	1	1	2		4	2	3	1	1	2	2	2		4	3	70		2	2	1	2	2	12	1.207687133
1306	2	2	2	2	2	4	2	2	1	1	1	2	3	1	1	2	5		2	1	2	2	2	1	1	1	1	2		4	2	1	1	1	3	2	2		1	8	30		2	2	1	8	1	9	0.628926985
1311	2	1	1	20	4	2	3	1	1	2	2	3	1	1	2				2	1	2	1	2	1	2	1	1	1		1	4	2	1	2	3	1	3	1	5	7	36		1	2	1	4	1	12	0.445555987
1319	2	2	2	20	2	3	1	2	1	1	2	2	3	1	2				2	2	2	2	2	2	1	1	1	2		4	2	3	1	2	3	2	4	2	4	7	70		2	2	1	4	1	24	0.494988831
1322	1	2	2	2	1	4	1	2	1	9	2	2	1	1	2				2	2	1	2	2	2	1	1	1	2		4	1	1	9	2	3	2	2		3	3	61		2	2	1	2	2	24	1.154740286
1330	1	1	1	20	1	2	1	1	1	1	3	1	1	1	2				2	2	2	2	2	1	2	1	1	1		1	4	1	3	2	1	1	1		5	3	79		2	2	1	2	2	24	1.16051398743
1333	1	1	3	20	2	4	1	1	1	2	3	3	1	3	2				2	2	2	2	1	1	1	1	1	1		1	4	1	3	2	3	1	1		3	4	64		2	2	1	2	2	13	1.213725568665
1336	2	2	2	4	2	3	2	2	2	2	1	1	3	1	1	1	9		1	2	2	2	2	1	1	1	1	2		4	3	3	1	2	2	2	2		2	8	28		2	2	1	4	2	13	0.729112977
1337	1	1	1	20	1	4	2	1	2	3	2	3	1	3	3				2	2	1	2	2	2	2	2				2	4	5	3	1	2	2	4	1	4	3	67		1	2	1	1	2	23	1.154740286
1351	1	2	2	20	3	3	2	2	1	2	1	1	3	1	2				2	2	2	2	2	2	1	1	1	2		4	1	1	1	2	2	2	3	2	2	6	82		2	2	1	3	2	25	0.748025245
1352	1	2	2	20	1	3	9	2	1	1	9	1	3	1	1	1			2	2	2	2	1	1	1	1	1	2		5	1	4	3	2	2	9	3	2	3	4	99	3	2	2	1	3	2	37	1.207687133
1356	2	2	2	20	1	4	1	2	1	1	2	1	3	3	1	4	11		2	1	2	2	2	1	2	2				4	3	4	1	1	2	2	2		1	7	33		2	2	1	3	1	5	0.657764379
1360	2	2	2	20	2	2	1	2	1	1	1	1	3	1	2				1	2	2	2	2	2	1	1	1	2		4	2	3	3	2	2	2	2		1	8	33		2	2	1	2	1	31	0.693114009
1366	1	1	1	13	3	1	1	1	1	2	2	2	1	1	1	8			2	2	2	2	2	2	1	1	1	9	9	1	4	1	3	3	1	1	9	9	9	7	99	9	9	9	9	9	1	12	0.966179839
1372	2	2	2	13	1	2	2	2	1	1	2	1	3	1	2				1	2	2	2	2	2	1	1	1	2		4	1	1	1	2	2	2	2		3	8	33		2	2	1	4	1	36	0.628926985
1376	2	2	2	6	2	2	1	3	1	1	1	3	1	1	1	98			2	1	2	2	2	2	1	1	1	8	2	4	2	2	1	1	3	1	3	3	3	7	25		2	2	1	1	2	25	0.697147552
1380	2	1	1	20	2	4	1	1	1	1	2	9	1	1	2				2	2	1	2	2	1	1	2				2	3	4	3	2	3	1	1		4	5	35		2	2	1	3	1	12	0.924930404804998
1398	2	1	2	20	2	2	1	3	1	1	2	2	1	1	2				2	2	2	1	2	1	1	1	2	2		5	5	2	3	1	2	1	1		2	3	61		2	2	1	1	2	18	1.278953712795
1400	1	1	1	30	2	2	1	1	1	1	1	1	1	9	2				2	2	2	2	2	1	1	1	2	1		2	5	3	2	2	3	1	3	1	2	3	86		2	9	1	1	2	27	1.272590759
1403	2	2	2	16	3	3	3	2	1	2	2	3	3	3	1	2			1	1	2	2	2	1	2	1	1	2		4	4	4	1	1	2	2	2		1	7	24		2	2	3	1	1	27	1.364421485
1406	2	2	2	20	2	1	1	2	1	2	2	1	3	1	3				2	2	2	2	2	1	2	1	1	2		4	2	3	3	2	3	2	4	3	3	5	47		1	2	1	3	1	27	0.969789148
1407	2	2	2	20	2	3	3	3	1	1	1	2	1	1	2				2	2	2	2	1	1	2	1	2	2		4	2	3	2	2	3	9	3	2	3	5	78		2	2	1	3	2	55	0.824367198
1409	2	2	2	20	2	4	1	2	2	2	2	2	3	3	1	1			1	2	2	2	2	1	1	1	1	2		4	2	3	2	2	3	2	3	2	3	8	26		2	2	1	4	1	47	0.657764379
1410	1	2	2	1	2	4	1	2	1	1	1	1	3	9	2				2	2	2	2	2	2	1	1	2	2		1	2	2	3	2	3	1	2		1	7	40		2	2	1	3	1	55	0.469501096
1412	2	2	2	13	2	2	1	1	1	1	1	1	1	1	1	4			2	2	2	2	2	2	1	1	2	2		4	2	3	3	2	1	2	3	2	3	3	64		2	2	1	3	1	19	1.148059212
1428	1	1	1	3	3	2	1	1	1	2	2	1	1	1	2				1	2	2	2	2	1	2	1	1	1		1	4	1	1	2	1	1	1		5	7	62		2	2	1	3	2	31	0.607701609089999
1435	2	1	2	13	4	2	2	1	2	2	2	2	3	2	1	6	2		2	1	2	2	1	2	2	1	1	6	3	2	4	2	2	2	3	1	4	3	3	5	20		2	2	1	4	1	20	1.200691326
1436	2	2	2	2	2	3	1	2	1	1	2	1	3	1	1	2			1	2	2	2	1	1	1	2				3	2	3	2	2	3	1	2		3	7	23		2	2	1	2	2	9	0.697147552
1440	2	2	2	20	2	2	1	2	2	2	1	2	1	3	1	2			2	1	2	2	2	2	2	1	1	2		4	3	1	1	2	3	2	4	2	1	3	23		2	2	1	1	1	40	1.859031019
1444	1	1	1	13	2	2	1	1	3	2	2	3	1	2	1	3			2	2	2	2	2	1	2	1	1	8	3	2	2	2	3	2	3	1	3	3	4	6	44		2	2	1	9	1	47	0.920328761
1445	2	1	1	20	2	3	1	1	3	2	2	1	1	1	1	3			2	2	2	2	2	2	1	1	2	1		1	4	1	1	2	1	1	4	3	5	6	30		1	2	9	2	1	18	1.4184941
1453	1	2	2	2	2	3	2	2	1	1	1	2	3	1	2				2	2	2	2	2	2	1	1	1	2		4	2	2	3	2	3	2	2		3	3	79		2	2	1	1	2	17	1.272590759
1457	2	2	2	20	3	2	3	2	2	1	2	2	3	3	1	10			2	2	2	2	2	1	1	1	1	2		4	2	3	3	2	3	2	3	2	3	8	78		2	2	1	9	2	46	0.604678218
1468	2	1	1	20	1	2	1	1	1	1	1	1	1	1	2				1	1	2	2	1	1	1	1	1	1		1	4	1	1	2	3	1	1		5	5	65		2	2	1	2	2	55	0.828489033990003
1472	1	1	1	13	2	2	1	1	1	2	1	1	1	3	2				2	2	2	2	2	2	2	1	1	1		2	4	1	2	2	1	1	3	1	4	6	72		2	2	1	3	2	17	0.824367198
1473	1	1	1	20	2	2	1	1	1	1	1	1	1	1	2				2	2	2	2	2	1	2	1	1	1		1	3	2	3	2	3	2	1		5	3	58		2	2	1	1	2	22	1.213725568665
1475	2	1	2	20	2	1	1	1	1	2	2	9	1	1	2				2	2	2	2	1	1	1	1	1	1		1	4	2	3	2	3	1	1		5	6	69		2	2	1	2	1	29	0.747415821674999
1476	1	1	2	30	4	1	1	1	1	9	2	1	1	2	3				2	2	2	2	2	2	2	1	1	1		1	4	1	1	3	1	1	1		9	3	76		2	2	1	1	2	48	1.165437252285
1479	2	2	2	20	1	4	1	2	2	1	2	2	3	3	1	2			2	1	2	2	2	1	1	1	1	2		4	1	1	1	1	2	2	2		3	5	61		2	2	1	1	1	40	0.677688778
1492	1	1	2	20	2	3	1	1	1	1	9	2	1	1	1	10	14		2	2	2	2	2	1	2	1	2	1		1	3	9	3	2	3	1	1		5	7	89		2	2	1	3	2	19	0.607701609089999
1494	2	1	1	30	2	2	1	1	1	1	3	1	1	1	1	2	8	6	2	1	2	2	2	1	1	1	1	1		1	2	2	2	2	3	1	1		3	6	21		2	2	1	4	1	28	1.14515192928
1496	1	1	1	30	4	1	1	1	2	2	1	2	1	1	3				2	2	9	2	9	1	2	1	1	1		1	4	1	1	1	1	1	3	1	3	3	56		2	1	1	1	1	17	2.150736006
1500	2	1	1	3	2	2	1	1	1	3	3	1	1	1	2				2	2	2	2	2	1	1	1	1	8	2	2	2	2	3	2	1	1	2		2	6	78		2	2	1	3	2	12	0.782323501
1504	2	1	1	9	4	2	1	1	2	2	2	2	1	1	2				2	2	2	2	2	2	2	2				2	4	4	3	2	3	1	1		4	8	42		1	2	1	4	1	19	0.47184860148
1510	1	1	1	20	3	2	1	1	1	2	1	1	1	2	3				2	2	2	2	2	1	2	1	1	1		1	4	1	3	2	1	1	1		5	3	67		2	2	1	1	2	39	1.278953712795
1513	2	2	2	20	2	3	1	2	1	2	2	2	3	1	2				2	2	2	1	2	1	1	1	1	2		4	1	2	3	3	2	2	3	1	3	8	38		2	2	1	4	1	39	0.469501096
1522	2	1	1	20	4	4	2	1	1	1	1	2	3	3	1	98			1	2	1	2	2	1	2	1	1	1		1	3	1	1	3	3	1	4	1	1	7	22		1	1	2	1	1	48	1.18320927
1528	1	1	1	20	1	1	1	1	1	1	1	1	1	1	1	98			2	2	2	2	2	2	1	1	2	1		1	5	2	3	3	1	1	1		4	6	65		2	2	1	1	1	29	0.747415821674999
1529	1	2	2	20	3	1	1	2	1	1	2	1	1	1	1	2			2	1	2	2	2	1	1	1	1	8	1	4	3	2	2	1	1	1	3	1	5	3	49		2	2	1	1	1	47	1.556968673
1532	2	1	9	1	2	4	1	1	1	2	2	1	3	3	3				2	2	2	2	2	2	2	1	3	1		5	4	4	3	1	3	1	1		4	3	25		2	2	1	2	1	21	1.94573774127
1533	2	1	1	1	2	2	1	1	1	2	1	2	1	1	1	2			2	1	1	1	2	1	1	2				2	3	9	3	2	3	1	1		4	6	30		1	2	1	3	1	19	1.20669478263
1546	1	2	2	1	1	4	3	1	1	1	1	1	1	1	1	14			2	2	2	1	2	1	2	1	1	2		2	1	1	1	2	1	2	2		1	7	71		2	2	2	2	2	47	0.772958285
1547	2	2	2	3	3	2	9	2	2	9	2	9	2	1	2				2	2	2	2	2	2	2	2				5	5	5	3	1	3	2	9	3	9	2	38		1	2	1	8	2	18	1.818606244
1549	2	2	2	13	3	2	2	2	1	2	2	2	1	2	2				2	1	2	2	1	1	1	1	2	2		4	2	4	2	2	3	1	4	2	1	7	42		2	2	1	2	2	18	0.520428519
1551	1	1	1	20	1	2	1	1	1	2	3	3	1	1	2				2	2	2	1	2	2	2	1	1	1		2	4	1	3	3	1	1	1		5	3	89		2	2	1	2	2	29	1.278953712795
1564	2	1	1	20	3	1	1	1	1	1	1	1	1	1	2				2	2	2	2	1	1	1	1	1	1		2	1	2	3	2	3	1	2		3	3	44		2	2	1	1	2	48	1.65719169
1566	2	2	2	13	1	3	2	2	1	1	2	2	3	1	1	8	4	11	2	2	2	2	1	1	1	1	1	2		4	2	3	2	2	2	2	3	2	3	8	29		2	2	3	4	2	27	1.512422142
1568	1	1	1	30	4	1	1	1	1	1	2	3	1	1	2				2	2	2	2	2	1	1	2				2	1	2	2	2	1	2	2		2	4	33		1	1	4	1	2	48	3.86041444
1569	2	2	2	20	1	4	2	2	1	1	2	2	3	3	1	1	6	10	2	2	1	1	2	2	1	1	1	2		4	2	2	2	2	3	2	2		1	7	49		1	2	2	4	2	17	0.701014734
1571	1	2	2	20	2	3	2	2	1	2	2	2	3	3	1	98			2	2	2	1	2	1	1	1	1	2		4	3	4	2	2	3	9	2		1	6	77		2	2	1	1	2	55	0.824367198
1576	1	2	2	20	3	2	1	1	1	1	2	1	3	1	1	2			2	1	2	2	2	2	1	1	1	2		3	2	2	3	2	3	2	3	2	3	3	64		2	2	1	3	2	55	1.272590759
1582	1	2	2	13	2	3	2	2	2	3	9	2	3	3	1	3			2	2	2	2	2	1	1	1	1	2		4	2	2	1	2	1	2	2		2	8	65		2	2	1	3	2	29	0.604678218
1587	2	2	9	13	1	2	1	3	9	3	3	1	9	1	1	98	14		1	1	2	2	2	1	1	1	1	2		4	5	3	2	9	2	2	2		1	8	41		2	2	1	9	1	6	0.415253366
1588	2	2	2	2	1	4	2	2	1	1	1	1	3	1	1	9	10		2	2	2	2	2	1	1	1	1	2		4	2	3	1	2	3	1	3	2	3	5	69		2	2	1	3	1	29	0.743697335
1602	1	1	1	3	4	2	1	1	1	1	9	2	1	1	2				2	1	2	2	2	1	1	2				1	4	2	3	2	1	1	3	1	4	7	80		2	2	1	2	1	17	0.545506396
1607	1	1	1	20	2	1	1	1	1	2	1	1	1	1	2				1	2	2	2	2	2	1	1	1	1		1	3	1	3	2	1	1	3	1	3	8	48		2	2	1	3	2	26	0.520428519
1610	1	1	1	20	2	1	2	1	2	2	1	3	1	1	1	8			2	2	2	2	2	1	1	1	1	1		1	4	9	1	2	1	1	1		3	6	80		2	2	1	3	2	55	0.828489033990003
1614	2	2	2	20	2	3	3	2	9	2	2	2	3	1	1	2			2	1	2	1	2	1	1	1	1	2		1	3	4	2	1	2	2	3	2	2	6	27		2	2	1	1	1	18	1.200691326
1616	2	1	1	20	2	1	1	1	1	2	1	1	1	1	2				2	2	2	2	2	2	1	1	1	1		2	4	4	3	2	3	1	1		3	3	43		1	2	1	3	1	45	1.564753516365
1620	2	2	2	20	4	4	1	2	1	2	3	2	3	2	1	4	11		2	2	2	2	2	2	1	1	1	2		4	2	4	2	2	2	2	2		3	7	45		2	2	2	4	1	6	0.559344304
1622	2	2	2	13	1	4	1	2	1	3	3	3	3	3	1	3			1	2	2	2	2	2	1	1	1	8	2	4	3	4	3	2	2	2	3	3	3	6	32		1	2	1	4	1	55	1.200691326
1624	1	2	2	20	1	4	2	2	1	1	1	2	3	3	1	18			2	2	2	2	1	1	1	1	1	2		4	1	1	1	1	3	1	2		2	5	70		2	2	1	1	2	26	0.824367198
1638	1	1	2	13	2	2	1	1	1	2	1	1	1	2	1	6			2	2	2	2	2	1	1	1	1	1		1	4	2	3	2	1	1	3	1	4	7	50		1	2	1	4	2	39	0.520428519
1641	1	2	2	20	4	3	1	2	3	2	1	9	1	1	2				2	2	9	2	2	2	1	1	1	2		4	1	2	1	2	3	1	2		3	3	48		2	2	1	3	1	29	1.640643418
1643	2	2	2	3	1	2	1	2	2	2	2	2	3	3	1	10			2	1	2	2	1	2	1	1	1	2		4	1	3	3	2	2	2	2		3	5	70		2	2	1	4	2	26	0.824367198
1644	2	1	1	10	2	2	1	1	1	1	3	1	9	1	1	2			2	1	2	1	1	1	1	1	1	1		5	4	2	3	2	1	1	1		3	3	56		2	2	1	4	1	26	1.15379950806
1646	1	1	1	20	3	9	1	1	9	2	2	2	1	9	3				2	2	2	2	2	1	2	1	1	1		1	4	1	1	2	3	1	1		5	1	80		2	2	1	1	1	21	1.09495437621
1652	1	2	2	1	2	2	1	2	1	1	2	1	1	1	2				2	2	2	2	1	1	1	1	1	2		4	2	2	3	2	3	2	2		3	8	77		2	2	1	4	2	17	0.604678218
1653	1	2	3	20	2	2	1	2	1	2	2	1	1	1	3				2	1	2	2	2	2	1	2				4	3	3	3	2	3	2	3	2	2	5	26		1	2	1	1	2	39	1.33093195
1661	2	2	2	1	3	4	2	2	1	1	1	2	3	3	3				2	2	2	2	2	2	2	1	1	6	3	4	4	4	2	2	2	2	3	3	2	8	50		2	2	1	2	1	17	0.469501096
1663	2	2	2	20	1	2	3	2	1	3	2	2	3	3	1	6			2	2	2	1	2	2	1	1	3	7	2	4	3	4	3	1	2	2	3	3	5	4	73		2	2	1	3	2	13	1.207687133
1664	1	1	1	20	1	3	1	1	1	2	1	1	1	1	2				2	2	2	1	2	2	2	1	1	1		1	4	1	3	2	3	1	1		4	5	78		2	2	1	3	2	47	0.786235118504999
1667	2	2	2	20	1	2	1	2	2	1	3	3	3	3	1	10	9		2	9	2	2	2	1	1	1	1	2		4	1	2	1	2	1	2	2		3	7	34		1	2	1	3	2	40	0.700105071
1694	1	2	2	20	1	4	2	2	2	1	3	3	3	3	1	8			2	2	2	2	2	1	1	1	1	2		4	1	3	1	1	2	2	2		9	7	58		2	2	2	4	1	22	0.69731913
1696	1	1	1	20	2	2	1	1	1	2	2	3	1	1	1	6	10		2	2	2	2	2	1	1	1	1	1		1	4	2	1	1	3	2	1		5	3	65		2	2	1	1	2	1	1.213725568665
1704	2	2	2	20	2	2	1	2	1	1	2	1	1	1	1	2			2	2	2	2	2	2	2	1	1	2		4	1	1	1	2	2	2	2		3	8	60		2	1	4	4	1	48	0.931229518
1706	2	2	2	20	1	2	3	2	9	9	3	2	3	3	1	2	6	14	2	2	1	2	2	2	1	1	1	2		4	3	4	3	1	2	2	3	3	3	8	46		2	2	1	4	2	48	0.474236696
1709	2	9	3	20	4	1	3	1	1	2	3	1	1	1	1	2			2	1	2	2	2	1	1	1	1	6	2	5	5	4	2	1	3	1	3	3	1	3	54		1	2	2	9	1	48	2.013790687
1714	2	1	1	20	3	1	1	1	1	2	1	2	1	1	3				1	2	2	2	1	1	2	1	1	1		1	2	1	1	2	1	1	1		5	7	60		2	2	1	3	1	48	0.499574172645
1717	2	1	1	20	1	2	3	1	2	1	1	9	3	3	1	14	4		1	2	2	2	2	1	1	2				5	5	2	3	2	3	2	4	1	2	7	35		1	2	3	2	1	35	0.842198671
1730	2	2	2	20	1	3	2	2	1	1	2	9	3	3	1	18	6	8	1	2	1	2	1	2	1	1	1	2		4	2	5	1	2	2	2	2		2	8	39		1	2	1	4	2	22	0.493886052
1732	1	2	2	16	1	2	2	2	2	1	1	1	3	1	2				2	2	2	1	2	1	1	1	1	2		4	1	1	1	2	2	2	2		1	7	71		2	2	1	3	1	48	0.497088729
1735	2	1	1	1	3	2	1	1	1	9	3	9	1	1	2				2	2	2	2	2	2	2	1	1	1		1	4	5	3	2	1	1	1		5	5	38		2	2	1	3	2	40	0.984468735405003
1738	2	9	2	13	3	2	1	3	1	2	1	3	9	9	1	8			2	2	2	2	2	2	1	1	2	6	3	3	3	4	2	1	3	1	3	1	5	7	41		1	2	1	2	2	48	0.474236696
1747	2	2	2	20	1	3	1	2	1	1	2	1	1	1	1	2			1	2	2	2	1	1	1	1	1	2		4	2	5	2	2	3	2	3	2	3	7	52		2	2	1	4	2	22	0.493886052
1756	1	1	1	2	3	1	1	1	1	2	3	2	2	1	2				2	2	2	2	2	2	2	1	1	1		2	5	1	3	2	3	1	3	1	5	6	68		2	2	1	1	1	48	0.677688778
1761	1	2	2	20	1	3	2	2	2	2	2	2	3	3	1	99			2	2	2	2	1	1	1	1	1	2		4	2	1	2	2	3	9	2		5	5	66		2	2	2	3	2	40	1.011860937
1762	2	1	1	17	4	1	1	1	1	2	1	2	1	1	2				2	2	2	2	2	2	2	1	1	1		1	4	1	1	3	1	1	1		5	7	49		2	1	4	4	1	48	0.805488897449999
1765	2	9	3	20	1	3	2	1	1	2	2	1	3	1	3				2	2	2	2	2	2	2	2				3	5	5	3	2	3	2	3	3	2	2	49		1	1	4	2	1	12	2.916773411
1767	1	2	2	5	2	3	2	2	1	1	2	2	3	3	2				1	2	2	2	2	2	1	1	1	2		4	4	2	2	3	3	2	2		2	7	34		2	2	1	4	1	48	0.631595091
1768	1	1	2	2	3	1	1	1	9	9	3	3	1	9	3				2	2	2	2	2	2	1	1	1	1		1	4	2	3	2	9	1	3	1	5	3	82		2	2	1	9	1	48	1.046160593
1769	2	1	1	12	3	2	1	1	1	2	2	2	1	1	3				2	2	2	2	2	2	2	1	1	1		2	4	1	3	2	1	1	3	1	3	7	37		2	2	5	3	1	40	0.842198671
1772	2	1	1	20	3	1	1	1	1	1	9	1	1	1	2				2	1	2	2	2	1	1	1	1	1		1	3	1	3	2	1	1	1		5	7	48		1	2	1	4	1	5	0.447783766935
1774	1	1	2	3	1	2	1	3	1	2	2	9	3	1	1	98	14		2	2	2	2	1	1	1	1	1	1		1	4	2	3	1	3	2	1		5	7	65		2	2	1	2	2	48	0.5537636631
1776	1	1	1	30	4	2	2	1	1	2	1	2	3	1	3				2	2	2	2	2	2	1	1	1	1		1	4	1	1	3	3	1	1		5	7	84		2	2	1	2	1	48	0.499574172645
1780	2	2	2	3	1	4	9	2	1	1	1	3	3	1	1	3			1	2	1	1	1	2	1	1	1	2		4	2	1	3	1	2	2	2		1	7	42		1	2	1	1	2	17	0.520428519
1783	2	1	1	13	1	2	1	1	1	1	1	1	3	2	3				1	1	2	2	2	1	2	1	2	2		3	2	4	3	2	1	2	3	3	4	8	52		2	2	2	1	2	1	0.665262157
1784	2	1	2	20	2	2	1	1	1	2	1	2	1	1	1	9			1	2	2	2	1	1	1	1	1	1		1	4	2	1	2	1	1	4	1	5	8	50		1	2	9	9	1	48	0.505436777
1786	2	2	2	20	2	3	2	2	1	1	1	1	3	1	1	1			1	2	2	2	2	1	1	1	1	2		4	1	2	1	2	3	2	2		2	7	41		2	2	1	4	1	17	0.469501096
1789	2	1	1	20	2	1	1	1	2	2	2	2	1	2	1	4			2	1	2	2	2	2	1	1	1	1		1	4	1	1	2	1	1	3	1	4	7	37		2	2	1	3	2	17	0.520428519
1791	2	1	1	30	4	1	1	1	1	1	1	2	1	1	3				2	2	2	2	2	2	1	1	1	1		1	4	1	1	2	1	1	1		5	7	45		2	2	1	2	2	1	0.49635548226
1793	2	2	2	20	2	4	2	2	2	1	2	2	2	3	2				2	1	2	2	2	2	1	1	1	2		1	2	4	3	2	3	2	3	2	2	5	30		2	2	1	2	1	47	1.139454656
1795	1	1	1	3	2	3	1	1	1	2	1	3	3	3	3				2	2	2	2	2	1	1	1	1	1		2	4	1	1	2	3	1	1		5	3	60		2	2	1	2	2	1	1.213725568665
1796	2	1	1	20	4	1	9	1	1	2	1	1	1	1	2				2	2	2	2	2	2	1	1	1	1		1	5	1	3	2	3	1	1		5	7	55		1	2	1	3	2	21	0.576708111585
1797	1	2	2	15	1	4	1	2	1	1	1	3	3	9	2				2	2	2	1	2	2	2	1	1	2		4	2	9	1	2	1	2	2		1	8	78		2	2	1	3	1	17	0.545506396
1799	2	1	1	20	3	2	1	1	1	2	2	2	1	1	2				1	2	2	2	2	2	1	1	1	1		2	3	1	3	3	1	1	3	1	4	4	50		1	2	1	4	1	49	1.495024361
1800	2	1	2	3	1	3	1	1	1	1	2	1	1	1	1	1	14	2	2	2	2	2	1	1	2	1	2	8	2	2	2	4	3	2	3	1	1		4	7	29		1	2	1	4	2	4	0.703605596354999
1802	1	1	2	2	1	2	1	3	1	3	2	3	1	1	2				2	2	2	2	2	2	1	1	1	2		3	2	2	3	2	1	1	2		3	6	60		2	2	1	3	2	55	0.824367198
1803	1	1	1	3	3	4	3	1	2	3	3	2	9	1	1	14	98		2	1	1	2	2	1	2	1	1	1		2	4	5	3	2	9	1	4	2	1	5	40		1	2	3	1	1	17	1.909067098
1804	1	1	1	20	3	1	1	1	1	1	2	1	1	2	3				2	2	2	2	2	1	1	1	1	1		1	2	1	3	2	3	1	1		3	5	60		2	2	1	2	2	1	0.786235118504999
1805	1	1	1	30	4	1	1	1	1	2	1	1	1	1	2				1	2	2	2	2	1	1	1	1	1		1	4	1	3	2	1	1	1		5	7	63		2	2	1	4	1	55	0.54823392798
1808	2	1	1	30	4	1	1	1	1	2	2	1	1	2	2				2	1	2	2	2	2	2	1	1	1		1	5	2	3	1	3	1	1		3	5	55		2	2	1	4	2	8	0.754954596014999
1810	2	1	2	13	2	3	1	1	1	2	2	1	1	2	1	14			2	1	2	2	2	2	1	1	1	1		2	5	2	3	2	1	2	1		4	5	47		2	2	1	3	2	4	0.984468735405003
1814	2	1	1	13	2	1	1	1	2	2	2	1	1	2	3				2	2	2	2	2	2	2	1	1	1		2	3	1	3	2	1	1	1		4	6	57		2	2	1	4	1	8	0.681077221890001
1825	1	1	1	2	1	2	2	1	2	2	2	2	1	1	1	8			2	2	2	1	1	1	1	1	1	1		2	3	1	1	3	1	1	3	2	3	7	66		2	2	1	3	1	35	0.497088729
1826	2	1	1	20	2	2	1	1	1	2	1	1	9	9	1	18			2	2	2	2	2	1	1	1	2	1		2	4	2	3	2	3	1	3	1	3	3	55		2	2	1	2	1	55	1.148059212
1828	2	2	2	20	2	2	1	2	1	1	2	1	3	1	1	5			1	1	2	2	1	1	1	1	1	2		4	2	3	3	2	3	2	2		2	6	20		2	2	1	1	2	16	1.212802043
1842	2	1	1	30	1	1	1	1	1	1	1	1	1	1	2				2	2	2	2	2	1	1	1	1	1		1	4	2	1	2	1	1	1		5	5	89		2	2	1	9	2	49	0.754954596014999
1853	1	1	1	20	1	2	1	1	1	2	2	1	1	1	1	10			1	2	2	1	1	2	2	1	1	1		1	4	1	1	2	1	1	1		3	5	49		1	1	1	4	1	6	1.614889278015
1854	1	1	1	20	1	2	1	1	2	1	1	1	1	1	1	10			2	2	2	2	2	1	1	1	1	2		3	2	2	3	1	2	2	2		3	5	62		2	2	2	1	2	6	0.98211719
1855	2	2	2	20	2	2	1	2	1	1	3	3	3	1	1	2			2	2	2	2	2	2	1	1	1	2		4	1	2	3	2	3	2	2		2	8	62		2	2	1	4	2	6	0.53481167
1859	1	2	3	14	3	9	1	2	1	1	1	1	3	1	2				2	9	2	2	2	2	1	1	1	2		4	1	1	1	2	3	9	2		2	8	80		2	2	1	3	2	6	0.53481167
1860	2	1	1	20	2	1	1	1	1	2	2	1	3	1	1	2			1	1	2	2	1	1	2	1	1	1		2	3	2	3	2	3	1	1		4	7	30		1	1	1	3	1	4	1.18912531635
1861	2	2	1	29	2	1	2	2	1	1	2	1	3	1	1	5	11	9	2	1	2	2	2	1	1	1	1	2		4	1	5	1	2	3	2	2		3	3	22		2	2	1	4	1	8	1.859031019
1862	1	1	1	20	3	3	1	1	1	1	1	2	1	1	3				2	2	2	2	2	2	2	1	1	1		1	4	2	1	3	3	1	1		5	7	58		2	1	1	4	2	35	1.03740245826
1863	2	2	2	20	2	9	2	2	1	2	3	9	3	1	2				2	1	1	2	2	1	2	1	3	2		3	4	4	2	2	3	2	3	3	2	6	27		1	1	4	3	1	4	2.049690368
1866	2	2	2	20	1	4	2	2	2	1	2	2	3	3	1	8			2	2	2	2	2	1	1	1	1	2		4	2	4	3	2	3	2	2		4	5	36		2	2	1	2	1	4	0.883713296
1868	2	1	2	20	3	3	1	1	1	2	2	1	1	1	2				2	1	2	2	2	2	2	2				2	3	1	1	3	3	1	3	1	3	7	32		1	2	1	3	1	33	0.628926985
1870	2	1	2	20	1	1	1	1	9	3	1	9	1	1	2				2	2	2	2	1	1	2	2				3	2	1	3	2	3	2	3	3	3	8	48		2	2	1	3	2	36	0.472233334
1878	2	1	2	20	4	1	3	1	1	2	2	1	1	1	1	2			2	2	2	2	2	1	2	1	2	1		1	2	1	3	2	3	1	4	3	2	2	37		1	1	4	4	1	9	2.788897615
1880	2	2	2	20	2	3	2	2	1	1	1	2	3	3	3				2	2	2	2	2	2	1	1	1	2		4	1	2	1	2	3	2	2		3	6	69		2	2	1	2	2	23	0.748025245
1884	2	2	2	1	1	4	2	2	1	2	2	2	3	3	1	6	2		2	2	1	1	2	1	1	1	1	2		4	1	4	1	1	2	2	2		9	7	42		1	2	1	3	2	34	0.472233334
1888	2	2	2	20	2	1	1	2	1	2	2	2	1	3	2				1	2	2	2	1	1	2	1	1	2		3	2	2	2	2	3	2	2		3	3	19		2	2	1	4	1	13	1.936057454
1889	2	2	1	20	1	3	1	1	2	1	2	2	3	3	1	2			2	1	2	2	2	1	2	2				2	5	2	3	1	3	1	3	3	2	3	39		1	1	4	3	1	34	2.788897615
1895	2	2	2	4	2	2	1	2	1	1	2	1	3	1	1	2			2	2	2	2	2	1	1	2				3	2	3	2	2	3	2	3	2	3	7	24		2	2	1	2	2	25	0.697147552
1896	2	2	2	20	1	2	3	2	3	3	3	2	3	1	2				1	2	2	2	1	2	1	1	1	2		4	2	3	2	2	2	2	1		3	8	49		1	2	1	4	1	34	0.428152243665
1900	2	2	3	3	1	2	3	3	1	1	3	1	3	3	1	8	6		2	2	2	2	2	1	1	1	1	2		4	1	1	1	1	3	2	3	2	3	8	45		1	2	2	4	2	37	0.665262157
1913	2	9	1	20	1	1	1	1	1	1	2	9	1	1	2				2	2	2	1	2	1	1	2				2	3	2	1	2	3	1	3	1	3	2	18		2	2	1	2	1	37	1.936057454
1917	1	1	1	20	1	1	1	1	1	1	1	1	1	1	1	2			2	1	2	2	2	1	1	2				1	5	5	3	1	1	1	4	9	4	3	60		2	9	1	1	2	37	1.207687133
1922	2	1	1	20	2	2	1	1	1	2	2	1	1	1	1	6			2	2	2	2	2	1	1	2				1	4	2	1	2	1	1	1		5	3	19		2	2	1	4	2	51	2.15679456421501
1929	1	2	2	13	2	2	3	2	1	1	1	9	1	1	2				2	2	9	2	2	2	1	1	1	2		4	2	3	3	2	2	1	3	2	3	7	64		2	2	1	2	2	34	0.548680943
1940	2	2	2	20	3	2	1	2	1	2	2	2	3	1	3				2	2	2	2	2	1	1	1	3	8	9	5	5	3	3	2	3	2	3	9	4	4	46		1	2	1	3	1	33	1.488708791
1947	1	1	1	20	2	1	1	1	1	9	1	1	1	1	2				2	2	2	2	2	2	2	1	1	8	9	5	5	9	3	2	3	1	9	3	3	7	70		9	9	9	9	1	12	0.611591838
1953	2	1	2	2	2	2	1	1	1	2	2	1	1	3	1	3	2		2	1	2	2	1	2	1	1	1	1		2	3	2	3	1	3	1	3	3	3	8	48		2	2	1	4	2	37	0.493886052
1955	2	1	1	30	3	2	1	1	1	1	1	1	3	3	1	10			1	1	2	2	1	1	1	1	1	1		3	3	3	3	2	3	1	1		4	6	37		2	2	1	4	1	51	0.924930404804998
1959	1	1	1	20	1	1	1	1	1	1	1	1	1	1	1	8			2	2	2	2	2	2	1	1	1	1		1	5	1	1	2	3	1	2		5	3	68		2	2	1	1	2	36	1.154740286
1964	1	2	2	20	2	3	1	2	1	1	1	1	3	1	1	8	9		2	2	2	2	2	2	2	1	1	2		4	2	3	3	2	3	2	2		9	8	79		2	2	1	3	1	36	0.494988831
1965	2	1	2	20	3	3	1	1	1	2	2	1	3	3	3				1	2	2	2	2	2	2	2				2	2	1	3	3	1	2	3	3	2	6	68		2	2	1	4	1	24	0.674825955
1967	2	1	1	1	4	1	1	1	1	1	3	9	1	1	2				1	1	2	1	1	1	1	2				2	2	2	3	1	9	9	9	9	3	8	34		1	2	3	1	2	29	1.512422142
1968	1	1	1	13	3	1	1	1	1	3	1	1	1	1	1	2			1	1	2	2	2	2	1	1	1	1		1	4	1	1	2	1	1	1		3	5	43		1	2	1	3	2	37	1.025258865375
1972	2	2	2	3	1	4	2	2	9	2	2	2	3	3	3				2	2	2	2	2	2	2	2				5	1	9	9	3	9	9	4	3	9	8	49		2	2	1	2	2	9	0.472233334
1978	2	2	1	30	4	4	1	2	1	2	3	3	3	1	1	5	8		2	1	2	2	2	2	1	2				4	5	9	9	2	3	9	4	3	9	9	25		2	2	3	1	1	25	1.53934357
1986	2	2	2	20	3	2	1	2	1	2	2	2	1	1	1	10			2	2	2	2	2	1	1	1	1	2		4	2	3	2	1	2	2	3	2	2	6	61		2	2	1	1	1	13	0.705767896
1991	1	1	1	20	3	2	9	1	1	1	3	1	3	1	2				1	2	2	2	1	2	1	1	1	1		2	5	2	3	2	3	1	1		3	8	46		1	2	1	4	2	37	0.49635548226
1998	2	1	1	30	3	1	1	1	1	2	1	1	1	1	1	2			2	1	2	2	2	2	1	1	1	1		1	4	1	1	2	1	1	1		4	3	33		2	2	1	4	1	37	1.94573774127
1999	2	2	2	20	4	4	1	2	1	3	1	9	3	9	1	3	8		1	2	1	2	1	1	1	2				4	2	2	1	2	3	2	2		3	5	42		1	2	5	3	2	23	1.92017682
2001	2	2	2	20	2	3	2	2	1	1	1	2	3	3	1	10	2		1	2	9	2	2	2	1	1	1	2		4	3	4	3	3	3	2	2		1	7	27		2	2	3	4	1	34	1.238066869
2006	2	2	2	20	1	9	1	2	1	2	3	2	3	3	1	6	98		2	2	2	2	2	1	1	1	2	2		4	2	2	2	2	3	2	2		2	8	99	2	1	2	2	4	2	42	0.63609605
2012	2	1	2	8	3	1	1	1	1	1	1	1	2	2	1	14	1		1	2	2	2	2	2	1	1	1	1		2	4	1	3	2	1	1	1		3	5	46		2	2	1	4	2	36	0.980309951939999
2015	1	1	1	20	4	1	1	1	1	1	1	1	2	1	2				2	2	2	2	2	1	1	1	1	1		1	3	1	1	2	1	1	1		5	3	76		2	2	1	9	2	12	1.213725568665
2016	2	9	2	1	2	2	2	2	1	1	1	3	3	1	2				1	1	2	2	2	2	2	1	1	8	2	3	2	2	2	2	3	2	3	9	3	8	46		2	2	2	2	2	37	0.665262157
2023	2	1	1	20	2	1	1	1	2	2	2	1	1	2	2				2	2	2	2	2	2	2	1	1	1		2	4	1	3	3	1	1	4	2	3	5	47		2	2	9	3	1	42	1.039606612
2028	2	2	2	20	1	3	1	2	1	1	2	2	3	1	1	3			1	1	2	2	2	2	2	1	1	2		4	2	3	1	2	3	2	2		3	8	29		2	1	4	4	1	36	1.178210929
2033	2	2	2	20	2	4	2	2	3	3	2	3	3	3	2				2	2	2	2	2	1	1	1	4	2		4	2	4	2	2	2	9	2		2	7	28		2	2	2	3	1	36	0.84716165
2034	1	2	2	2	1	3	1	3	1	1	1	3	3	1	1	14			9	9	9	1	2	2	2	1	1	2		4	2	1	1	2	3	1	2		2	8	75		2	2	2	3	1	37	0.69731913
2037	2	1	1	30	3	2	1	1	1	2	1	1	1	2	3				2	2	2	2	2	1	1	1	1	1		1	4	1	3	2	1	1	3	3	4	5	58		2	2	1	9	1	42	0.674825955
2052	1	1	1	20	1	4	1	1	1	2	2	2	1	1	1	4	14		2	1	2	1	2	2	1	1	1	1		2	4	1	3	2	1	1	3	1	4	7	55		2	2	1	4	1	12	0.517684928
2054	1	1	1	20	1	3	2	1	1	2	2	1	1	1	3				2	2	2	2	2	2	1	1	1	1		1	4	1	1	2	1	1	1		5	6	58		2	2	1	3	1	12	0.709296735480002
2055	2	9	2	20	1	4	1	2	1	2	2	2	3	3	1	2			2	1	2	2	2	1	1	1	1	2		3	2	5	3	9	2	2	3	2	3	6	25		2	2	2	2	1	36	1.467550262
2061	2	1	1	20	2	1	1	1	1	1	2	1	1	1	2				2	1	2	2	2	2	1	1	1	1		1	4	1	3	3	1	1	4	1	4	7	31		1	2	1	3	1	12	0.657764379
2066	2	1	1	1	3	1	2	1	3	3	1	2	1	2	1	11	1		1	1	2	2	2	1	1	1	1	1		2	3	2	3	2	1	1	3	1	3	7	60		1	2	1	3	1	25	0.494988831
2070	2	1	3	20	2	2	1	1	1	2	1	1	1	1	1	1			1	2	2	2	2	1	1	1	1	1		2	2	1	1	3	1	1	3	1	5	8	51		1	2	1	4	1	12	0.445555987
2071	1	1	2	20	1	1	1	1	1	1	1	1	3	3	2				2	2	2	2	2	2	1	1	1	1		1	4	1	3	3	1	2	2		5	3	50		2	2	1	1	1	54	1.556968673
2076	2	2	2	20	1	4	1	2	1	1	1	1	1	1	1	2			2	1	1	2	1	2	1	1	1	2		4	1	4	2	2	2	2	2		3	7	44		2	2	2	9	2	37	0.665262157
2077	2	2	2	16	1	9	2	2	1	1	2	2	3	1	1	6	2		2	1	2	2	2	1	2	1	1	2		4	2	2	3	2	3	9	2		1	7	49		1	2	1	3	2	36	0.472233334
2078	2	2	2	20	1	3	1	2	1	1	2	1	3	3	1	8	18		2	2	2	2	2	1	1	1	1	2		4	1	1	1	2	2	1	2		2	7	37		2	2	2	3	2	24	0.63609605
2083	1	2	2	10	1	2	2	2	2	2	2	2	3	3	1	98			1	2	2	2	2	2	1	1	3	2		5	1	9	2	1	3	2	4	3	3	7	56		2	2	9	9	2	36	0.648210463
2085	2	2	2	20	1	4	2	2	1	1	2	2	3	1	1	3	18		1	2	2	2	2	1	2	1	1	2		4	3	3	2	2	3	2	2		1	8	33		2	2	3	4	2	25	1.372361668
2089	2	1	1	20	2	2	1	1	1	3	3	3	1	1	1	10			2	2	2	1	2	2	1	1	1	1		2	3	2	1	3	3	1	3	3	3	7	49		1	2	1	4	2	9	0.472233334
2092	1	2	2	20	4	4	2	2	1	1	2	2	3	1	3				2	2	2	2	2	1	1	1	1	2		4	1	2	1	2	3	2	2		1	6	71		2	2	1	2	1	36	0.674825955
2096	2	9	2	20	1	2	3	3	3	3	1	3	1	1	1	8	98		2	2	2	2	2	2	1	1	1	8	9	3	3	9	2	2	1	1	1		3	6	64		2	2	1	9	2	34	0.751765371225
2097	2	2	1	20	1	2	1	1	1	2	2	3	3	3	1	6			1	1	1	1	1	1	1	1	1	1		2	3	2	3	2	3	1	1		2	7	44		1	2	1	4	2	44	0.47459450067
2103	2	1	1	13	4	1	1	1	1	2	1	2	1	1	2				2	2	2	2	2	2	2	1	1	1		2	2	2	2	3	1	1	3	1	3	4	29		1	2	1	3	2	13	2.146064243
2104	1	1	1	20	1	2	1	1	1	2	1	1	1	1	1	9			2	2	2	1	2	2	1	1	1	1		1	4	1	1	2	1	1	3	1	5	8	77		2	2	1	3	2	26	0.604678218
2105	2	1	1	13	4	1	1	1	1	3	1	1	1	1	2				2	1	2	2	2	2	2	1	1	1		2	5	5	3	1	3	1	3	3	5	7	57		1	2	2	2	1	24	0.666747595
2109	1	2	2	20	2	4	1	2	1	1	1	2	3	1	1	10			2	2	2	2	2	2	1	1	1	2		4	1	2	3	2	2	1	3	2	3	7	56		2	1	1	4	1	24	0.927295639
2110	1	1	1	2	3	2	1	1	1	3	1	1	1	1	3				2	2	2	2	2	2	2	1	1	1		1	3	1	3	2	3	1	1		4	5	66		2	2	1	1	2	36	0.751765371225
2111	1	1	2	20	1	1	1	2	1	1	2	2	3	3	2				2	2	2	1	1	2	2	1	3	2		2	2	2	3	2	3	2	1		2	3	50		2	2	1	2	1	36	1.496152334955
2120	2	2	2	20	1	3	3	2	2	2	2	2	3	3	2				1	1	2	2	2	1	1	1	1	2		4	5	4	3	1	3	2	2		2	6	22		2	2	2	3	1	12	1.534839989
2124	2	1	1	15	2	3	1	1	1	1	1	1	3	3	1	4			2	2	2	2	2	2	1	1	1	1		5	4	5	3	2	3	1	3	3	3	7	45		1	1	4	2	1	13	0.834689791
2125	1	1	1	20	2	1	1	1	1	2	1	2	1	1	1	2			2	1	2	2	2	1	1	1	1	1		2	5	1	3	2	1	1	4	1	5	7	99	3	2	2	1	4	1	12	0.517684928
2128	2	1	1	20	4	1	1	1	1	2	3	3	1	1	2				2	1	2	2	1	2	1	1	1	1		1	4	1	1	3	1	1	1		3	5	51		2	2	1	3	2	12	1.025258865375
2132	1	2	3	9	2	2	1	2	1	2	1	1	3	3	1	2	6		1	2	2	2	2	2	1	1	1	2		4	1	1	3	2	3	2	2		2	8	44		1	2	1	4	2	36	0.472233334
2133	1	1	1	28	4	2	2	1	2	2	2	2	2	2	3				2	1	2	2	2	2	2	1	1	1		1	4	1	1	2	3	1	1		5	3	37		1	2	1	4	1	42	1.496152334955
2135	1	1	2	20	2	9	2	1	1	2	3	2	1	1	1	11	2	1	1	1	2	1	1	1	1	1	1	1		1	4	2	1	1	1	1	3	1	5	8	54		2	2	1	3	2	47	0.493886052
2136	1	1	1	30	3	1	1	1	1	3	1	1	1	1	3				2	2	2	2	2	2	2	1	1	1		1	5	3	3	2	1	1	1		1	3	81		2	2	1	2	2	12	1.213725568665
2137	2	1	1	20	3	3	1	1	1	2	2	1	1	2	2				2	2	2	2	2	2	1	1	1	1		1	4	1	3	3	1	1	1		4	7	40		1	2	1	3	2	18	0.523030661595
2138	2	2	2	20	2	3	1	2	1	1	3	1	1	1	1	4			1	1	2	1	1	1	1	1	1	2		4	1	2	1	2	3	2	2		3	8	41		1	2	1	4	2	45	0.493886052
2146	2	1	2	28	2	4	2	2	2	2	2	2	2	2	1	10	2		2	2	2	2	2	2	1	1	3	7	1	2	4	4	3	2	3	1	4	3	4	8	37		1	2	1	4	1	55	0.469501096
2147	2	9	3	30	1	1	1	1	1	1	1	1	3	3	3				2	1	1	2	2	1	1	1	1	1		2	5	2	9	2	3	1	1		4	5	33		1	2	2	2	1	51	1.542514188945
2158	2	1	1	20	1	3	2	2	1	2	2	2	3	1	1	4	8	9	2	1	2	2	2	1	1	2				3	4	4	2	2	3	1	3	1	3	8	33		1	2	1	3	1	39	0.693114009
2159	2	1	3	29	4	1	2	1	2	2	3	2	3	3	3				2	2	2	2	2	2	2	1	1	1		1	4	2	3	1	2	1	1		4	7	35		1	2	1	2	1	37	0.447783766935
2176	2	1	2	20	3	2	1	1	2	2	2	1	1	2	2				2	2	2	2	2	2	2	1	1	1		1	5	1	1	2	3	1	1		5	4	34		1	2	1	3	1	17	2.050305747105
2177	1	2	2	14	2	2	2	2	1	1	3	2	3	1	1	6	1	8	1	2	2	2	1	1	1	1	1	2		4	1	2	1	2	3	2	2		2	8	50		1	2	1	4	2	17	0.520428519
2179	2	9	2	30	3	2	3	9	2	2	2	2	3	3	2				2	1	2	2	2	2	2	2				5	5	9	3	9	9	1	4	3	9	3	27		1	2	1	3	1	55	2.040105221
2183	1	1	1	20	2	2	1	1	1	2	2	9	1	1	2				2	2	2	2	2	1	1	1	1	1		1	3	1	3	2	3	1	1		5	7	40		1	1	1	9	2		0.913997194725002
2190	2	2	2	20	1	4	1	2	1	2	2	2	3	1	1	4			1	1	2	2	2	2	1	1	1	2		4	4	4	3	1	2	2	4	2	1	6	27		2	2	1	2	1	55	1.200691326
2202	2	1	1	29	1	1	1	1	1	2	9	9	1	1	1	10			2	2	2	2	2	1	2	1	1	1		1	4	1	3	2	3	1	1		5	3	90		2	2	1	1	2	55	1.278953712795
2204	1	1	1	20	2	2	1	1	1	2	1	9	1	1	2				1	1	2	2	2	1	1	1	1	1		1	4	2	1	1	3	1	1		4	7	70		2	2	1	3	2	21	0.576708111585
2211	1	1	1	30	3	2	1	1	1	2	1	1	3	1	2				2	2	2	2	2	2	2	1	1	1		1	4	1	3	2	1	1	1		5	6	67		2	2	1	1	1	17	0.747415821674999
2217	2	2	2	13	1	4	2	2	1	2	9	2	3	3	1	8	1		1	2	2	2	2	2	1	1	1	6	2	4	3	4	3	2	2	9	3	2	1	7	41		2	2	1	4	2	39	0.520428519
2226	1	1	2	20	1	2	1	1	1	1	1	1	1	1	3				2	2	2	2	2	2	1	1	2	1		2	3	9	3	2	3	1	1		3	2	79		2	2	1	1	2	28	1.213725568665
2229	2	1	2	2	2	2	1	1	9	1	1	1	3	1	1	8			1	2	2	2	2	1	1	1	2	1		2	5	2	3	1	1	1	3	3	2	5	68		2	2	1	1	1	26	0.743697335
2231	2	1	1	13	3	1	1	1	1	2	2	2	1	1	1	8			1	1	2	1	1	1	1	2				1	4	1	1	1	1	1	4	3	5	8	69		2	2	3	3	1	55	1.073850243
2233	1	2	2	20	1	2	1	2	1	1	1	1	1	1	1	8			2	2	2	2	2	2	1	1	1	2		5	1	2	1	3	2	2	2		1	7	60		2	2	2	2	2	28	0.772958285
2249	1	1	1	20	1	2	1	1	1	2	2	2	3	1	1	8			2	2	2	2	2	1	1	1	1	1		1	3	1	3	2	1	1	1		3	3	62		2	2	1	9	2	47	1.213725568665
2258	1	1	1	20	2	2	1	1	1	1	1	1	3	1	2				2	2	2	2	1	1	2	1	1	1		1	4	1	1	3	1	1	1		3	7	55		2	1	1	2	2	48	1.03740245826
2260	1	2	2	20	1	9	9	9	9	2	1	3	3	3	1	8			2	2	2	2	2	1	1	1	2	8	9	2	2	3	3	1	9	2	2		9	2	71		2	2	2	1	2	28	1.62674881
2261	1	1	1	20	2	1	1	1	1	1	1	1	1	1	1	2			2	1	2	2	2	1	2	1	1	1		1	3	1	1	2	3	1	1		4	4	72		2	2	1	3	2	22	1.213725568665
2268	2	1	1	20	3	1	2	1	1	2	1	2	3	1	3				1	1	2	2	1	1	1	1	2	1		1	5	2	3	3	3	1	4	1	4	2	18		2	1	4	4	1	17	3.821865376
2269	1	2	2	20	2	4	2	2	1	1	1	1	1	1	3				2	2	2	2	2	1	2	1	1	2		4	1	2	1	2	3	2	2		1	3	84		2	2	1	3	2	18	1.272590759
2271	2	2	2	20	2	2	1	2	1	2	2	1	3	1	1	1	14		1	2	2	2	2	2	1	1	1	2		4	2	3	3	2	3	2	3	2	3	5	34		2	2	1	2	1	20	1.200691326
2272	2	1	1	20	1	1	1	1	2	2	2	3	1	3	1	8			2	2	2	2	2	1	2	1	2	1		1	4	1	1	2	3	1	1		5	7	72		2	2	1	3	1	26	0.54823392798
2278	1	9	2	20	2	3	3	2	1	1	1	3	3	1	2				1	1	2	2	2	2	1	1	1	2		4	1	1	1	3	2	2	2		2	8	63		2	1	1	4	2	19	1.132784094
2283	1	2	2	20	3	1	1	1	1	1	1	1	2	2	1	6	4	14	2	1	2	2	2	2	2	1	1	8	2	4	2	4	3	1	3	1	2		3	3	54		1	2	1	3	1	27	1.640643418
2296	1	1	1	20	2	2	1	1	3	3	1	1	1	1	1	98	9		1	1	2	2	2	1	1	1	1	1		1	3	1	3	2	3	1	1		4	8	68		2	2	1	2	1	26	0.54823392798
2298	2	1	2	20	4	1	1	1	1	2	2	2	1	1	2				2	2	2	2	2	2	2	1	1	1		2	4	1	3	3	3	1	3	1	4	8	72		2	2	1	4	1	18	0.545506396
2299	2	9	9	8	2	2	9	1	9	2	2	2	1	3	3				2	2	2	2	2	2	2	1	1	2		2	2	9	3	2	3	9	1		4	7	47		1	2	2	4	1	26	0.635577815685002
2302	2	1	1	20	1	1	1	1	1	3	1	1	1	9	1	9	10		2	2	2	2	2	1	2	1	2	1		5	5	9	3	1	3	2	9	2	9	1	67		2	2	1	1	2	26	1.272590759
2305	1	1	1	20	2	2	1	1	2	2	1	2	1	1	2				2	2	2	2	2	1	1	1	2	1		1	4	1	3	2	3	1	1		4	3	65		2	2	1	1	1	6	1.02048564702
2306	1	2	2	9	1	4	2	2	2	1	1	1	3	3	3				2	1	2	2	2	1	2	1	1	2		4	1	5	1	1	2	2	2		3	3	55		2	2	2	1	2	27	1.714173685
2308	2	2	2	14	1	1	1	2	1	1	2	1	1	1	2				2	2	2	2	2	2	2	1	1	2		4	2	3	1	2	3	1	1		3	5	59		1	2	1	3	2	55	0.828489033990003
2309	2	2	2	20	1	2	1	2	1	1	2	2	3	1	1	8	2		2	1	2	2	2	1	1	1	1	2		4	1	1	1	1	2	2	3	2	2	3	56		2	2	2	2	1	39	1.546430286
2310	1	1	1	30	2	2	1	1	1	2	2	1	1	1	1	4			2	2	2	2	2	1	1	1	1	1		2	4	2	3	2	3	1	1		4	8	62		2	2	1	2	1	18	0.54823392798
2313	2	1	1	3	4	1	1	1	1	2	3	2	2	9	3				2	2	2	2	2	1	2	1	1	1		1	4	1	1	2	3	1	1		5	3	78		2	2	1	2	1	5	1.09495437621
2314	2	2	2	20	1	1	1	1	1	1	1	2	1	1	1	11	2		2	1	2	2	1	1	1	1	1	2		4	1	1	1	2	3	2	2		3	3	73		2	1	1	3	1	4	1.959842516
2315	1	2	2	20	4	1	2	2	1	1	1	2	3	1	2				2	2	2	1	2	2	1	1	1	2		4	2	1	3	2	3	2	4	3	1	7	77		2	2	1	4	1	6	0.482476759
2317	1	2	2	20	1	2	2	2	1	1	1	1	3	1	1	8			2	2	2	2	2	1	1	1	1	2		4	1	1	1	2	2	2	3	2	3	7	77		2	2	2	3	1	22	0.69731913
2323	1	1	2	20	3	3	1	1	1	2	1	2	1	1	2				2	2	2	2	2	2	1	1	2	1		2	5	2	3	2	2	1	1		4	8	79		2	2	1	2	1	49	0.499574172645
2329	1	1	1	30	2	1	1	1	1	2	1	1	1	1	1	8			2	1	2	2	2	2	1	1	1	1		1	1	2	1	2	1	1	1		5	8	82		2	2	1	9	2	16	0.5537636631
2330	2	1	1	20	3	1	1	1	2	2	1	2	1	2	1	18			2	2	2	2	1	1	2	1	4	1		1	4	1	3	1	1	1	1		4	2	66		2	2	1	1	1	6	1.02048564702
2335	2	2	2	20	2	3	2	2	2	1	2	1	3	3	1	5			2	2	2	2	1	1	1	1	2	2		4	3	1	1	2	3	1	4	2	2	7	23		2	1	1	4	2	48	1.311553591
2338	1	1	1	30	1	9	1	1	1	2	3	1	1	1	1	8	14		2	2	2	2	2	2	1	1	1	9	9	5	5	5	9	2	3	1	3	3	4	5	90		2	2	1	1	2	6	0.729117049
2340	2	2	2	20	2	4	2	2	2	2	3	2	3	3	1	2			2	1	2	1	2	1	1	1	1	6	3	4	3	5	2	1	2	2	4	3	9	3	28		2	2	1	1	1	29	2.040105221
2341	2	2	2	20	1	2	2	2	2	1	1	3	1	1	2				2	2	2	2	2	2	1	1	1	2		4	3	2	3	2	3	2	2		3	7	66		2	1	1	3	2	48	1.032241252
2345	1	2	2	20	1	3	1	2	2	1	2	1	3	3	2				2	1	2	2	1	1	2	1	2	2		4	5	1	2	1	3	2	2		3	6	39		1	2	2	2	2	29	1.447997647
2350	1	1	1	8	2	1	1	1	1	2	1	9	1	1	2				2	2	2	2	2	2	2	1	1	1		1	3	2	3	3	1	1	1		5	5	55		2	2	1	4	1	6	0.661056893265
2352	1	1	1	30	4	1	1	1	1	2	1	9	1	1	3				2	2	2	2	2	1	1	1	1	1		1	4	1	1	2	1	1	1		5	3	84		2	2	1	4	1	48	1.051391395965
2353	2	2	2	3	1	4	2	2	2	1	2	2	3	3	1	2			2	1	2	2	2	1	2	1	2	2		4	4	4	3	1	2	2	3	3	4	3	65		2	1	4	2	1	48	1.959842516
2356	2	2	2	9	1	2	1	1	1	1	1	2	2	1	2				2	2	2	2	2	1	1	1	1	2		4	2	1	1	1	3	2	2		3	6	69		2	2	2	9	2	48	1.011860937
2366	1	2	2	16	2	3	2	2	1	1	2	2	3	1	1	9	10		2	2	2	2	2	1	1	1	1	2		4	2	2	1	2	2	9	2		1	8	73		2	2	1	3	2	6	0.53481167
2370	2	1	1	20	3	1	1	1	3	2	2	1	1	2	2				2	2	2	2	1	2	2	1	1	1		1	4	1	1	3	3	1	4	1	5	3	48		1	2	1	3	1	55	1.640643418
2380	1	2	2	20	1	4	1	2	1	1	1	1	3	1	2				2	2	2	2	2	1	1	1	1	2		4	1	2	1	2	3	1	2		1	8	81		2	2	2	4	2	6	0.72038877
2382	2	1	1	20	2	9	1	1	1	3	3	3	1	1	1	2			2	1	2	2	2	1	2	1	1	9	9	5	5	2	3	1	3	1	3	3	3	7	63		2	2	1	2	2	48	0.55100862
2385	1	2	2	30	1	2	9	2	1	1	1	9	1	9	3				2	2	2	2	2	1	1	1	1	2		4	1	1	3	2	3	9	2		9	3	84		2	1	1	1	2	35	2.172429303
2388	2	1	1	20	2	1	1	1	1	2	1	1	1	1	3				2	2	2	2	2	2	2	1	1	1		1	4	1	1	2	3	1	1		3	5	71		2	2	1	3	2	4	0.754954596014999
2392	2	2	2	16	1	4	2	2	2	1	3	1	3	3	1	4			2	2	2	2	2	1	1	1	1	2		4	4	1	3	1	3	2	3	3	3	8	42		2	2	1	4	1	31	0.469501096
2394	2	2	2	2	1	3	2	2	1	2	2	2	3	3	2				1	1	1	2	2	1	1	1	1	1		4	4	4	2	1	2	2	4	2	5	5	22		2	2	2	2	2	39	1.792758991
2400	1	2	2	20	2	4	3	2	1	1	3	2	3	1	1	8	18		2	2	2	2	2	2	1	1	1	2		4	2	9	1	9	2	2	2		1	7	77		2	2	1	9	2	35	0.55100862
2401	1	2	9	20	1	2	1	9	1	1	1	1	9	1	1	18	8	2	2	1	2	2	2	1	1	2				5	5	9	3	1	3	2	2		4	8	80		2	2	3	3	2	6	1.052797265
2403	1	2	2	1	1	2	1	2	1	1	1	1	2	1	1	18			2	2	2	2	2	1	1	1	1	2		4	2	1	2	2	3	2	3	2	4	6	79		2	2	1	2	2	6	0.729117049
2405	1	2	1	30	1	2	1	2	1	9	2	9	1	9	3				2	2	2	1	2	2	1	1	2	2		4	2	9	3	2	3	2	2		3	5	80		2	2	1	8	2	6	0.729117049
2410	1	2	2	2	1	4	2	2	2	1	1	2	3	3	1	4			1	1	2	1	2	1	1	1	1	2		4	1	2	3	1	2	9	2		3	8	67		2	2	2	4	2	48	0.742205985
2420	1	1	1	20	1	4	2	1	1	2	2	1	3	1	1	9			2	2	2	2	1	1	1	1	1	1		2	4	1	1	2	1	1	1		3	6	65		2	2	1	4	2	6	0.732762634245
2434	1	1	1	20	3	1	9	3	3	3	1	3	1	2	2				2	2	2	2	2	1	2	1	2	1		2	5	2	2	1	1	9	1		4	5	67		2	2	1	2	2	6	0.732762634245
2440	1	1	1	30	2	3	3	1	1	3	1	3	3	1	3				2	2	2	2	2	1	2	1	1	1		2	2	9	3	2	3	2	3	3	4	5	79		2	2	1	9	2	6	0.729117049
2446	1	2	2	2	2	3	2	2	1	1	1	1	3	1	2				2	2	2	2	1	1	1	1	1	2		4	1	2	3	2	3	2	2		1	8	64		2	1	4	4	2	6	1.001898424
2450	1	9	3	20	2	2	3	3	1	3	3	1	9	1	1	9			2	2	2	2	2	1	2	1	1	1		2	4	1	3	2	3	1	1		5	5	76		2	2	1	2	2	6	0.732762634245
2452	1	2	2	20	1	1	2	2	1	3	3	2	3	1	1	2	8		2	1	2	2	2	1	1	1	1	2		4	3	3	1	1	3	2	2		2	5	58		2	2	1	1	1	6	0.657768053
2470	2	2	2	16	2	2	2	2	1	1	1	1	3	1	2				2	2	2	1	1	1	1	1	1	2		4	1	2	1	2	2	2	2		3	8	53		1	2	1	4	2	6	0.460296464
2472	2	2	2	3	3	2	1	1	1	2	1	9	1	1	2				2	2	2	2	2	2	2	1	2	2		4	5	2	3	2	3	2	4	3	3	8	36		1	2	1	1	2	35	0.474236696
2498	2	2	2	20	1	3	1	2	1	1	1	2	3	1	1	10			2	2	2	2	2	1	1	2				4	2	3	3	2	3	2	2		3	8	84		2	2	1	3	2	6	0.53481167
2503	2	1	2	13	2	3	2	1	2	2	1	2	2	2	1	2	18		2	1	2	2	2	2	2	1	1	1		1	4	1	1	1	2	1	1		5	5	44		2	2	1	4	1	41	0.862025142299999
2512	2	2	2	20	9	2	3	2	1	1	1	2	3	1	1	2			2	1	2	2	2	2	1	1	1	2		4	3	4	2	2	2	2	3	2	3	7	40		2	2	3	3	1	41	0.817442162
2516	2	1	1	17	1	1	2	1	2	2	2	2	1	3	1	18			9	9	9	2	2	1	1	1	1	1		1	4	1	1	2	3	1	1		5	8	88		2	2	1	1	1	6	0.484889142795
2517	2	1	2	20	1	1	1	1	2	2	1	1	1	3	1	6	2		2	2	2	2	2	1	2	1	1	1		2	2	2	3	2	1	1	1		4	8	46		1	2	1	4	2	53	0.46259794632
2521	2	9	1	20	3	2	1	1	1	1	1	1	1	1	2				2	2	2	2	2	1	1	2				5	3	2	3	2	3	9	3	1	3	5	21		2	2	1	2	1	6	1.061959427
2522	2	2	2	2	2	3	1	2	1	1	3	1	3	1	2				1	1	9	2	2	2	2	1	1	2		4	2	9	3	2	3	2	4	2	2	7	65		2	2	1	2	2	6	0.53481167
2523	2	1	1	20	2	2	1	1	2	2	2	1	1	2	2				2	1	2	2	2	2	1	1	1	1		1	4	1	1	3	1	1	1		4	6	31		1	2	1	4	1	16	1.099591829115
2526	2	2	2	20	4	2	1	2	1	1	2	2	1	1	2				2	2	2	2	2	1	2	1	1	2		4	2	2	3	2	2	2	4	2	2	6	25		2	2	1	3	1	6	1.061959427
2527	2	1	1	20	1	1	1	1	1	2	2	1	1	1	2				1	2	2	2	1	2	1	1	2	1		1	4	1	1	2	3	1	2		4	5	56		1	1	5	3	1	6	1.232240828
2530	2	2	2	20	1	1	2	2	2	1	1	2	3	3	1	14			2	1	2	2	2	2	2	2				5	5	2	3	2	3	2	4	1	2	3	63		2	2	1	3	1	6	1.015408604
2532	2	1	1	30	4	1	1	1	1	1	2	2	2	2	3				2	2	2	2	2	1	1	1	1	1		1	3	1	2	2	3	1	1		5	7	74		2	2	1	2	1	6	0.484889142795
2533	2	1	1	20	1	2	1	1	1	2	1	9	1	1	1	2	6		2	1	2	1	1	1	1	2				1	4	1	3	1	1	1	1		4	6	40		1	2	1	4	1	6	0.862025142299999
2534	2	1	1	13	4	1	1	1	2	2	1	3	1	2	1	2			2	1	2	2	2	2	2	1	1	1		2	4	3	2	1	1	2	3	1	3	7	40		1	2	1	4	1	6	0.415253366
2535	2	1	3	20	2	2	1	1	3	2	1	3	1	1	1	4			1	2	2	2	2	1	1	1	1	1		2	3	2	3	2	1	1	1		4	5	49		2	2	1	3	2	53	0.95553018351
2536	2	2	2	20	1	2	1	2	1	2	2	1	3	3	2				2	2	2	2	2	1	1	1	1	2		3	2	2	3	2	3	2	4	3	3	5	64		2	1	4	3	1	53	1.232240828
2537	2	1	2	20	1	2	2	1	3	2	2	1	1	1	1	98			2	1	2	2	1	1	1	1	1	1		2	4	2	3	1	3	1	3	1	3	8	54		2	2	1	4	2	6	0.460296464
2538	2	2	2	3	2	4	2	2	1	1	2	2	3	1	1	2	14	9	1	1	2	2	2	1	1	1	1	2		4	3	3	3	2	3	9	3	2	2	7	34		2	2	1	3	1	6	0.613029294
2540	2	2	2	20	2	4	1	2	1	1	2	3	3	1	1	10			1	2	2	2	2	1	1	1	1	2		4	1	5	1	2	3	2	2		2	5	43		2	2	1	4	1	6	0.85773646
2541	2	2	2	20	1	2	2	1	1	9	2	1	3	1	1	14	4		1	1	1	2	2	2	1	2				3	5	2	3	1	3	2	4	2	3	6	27		1	2	1	3	1	6	1.061959427
2542	2	1	1	15	4	1	1	1	1	2	1	1	2	1	2				2	2	2	2	2	2	1	1	1	1		5	3	1	1	3	3	1	3	3	3	7	40		2	1	4	4	1	4	0.80148149
2543	2	2	2	2	2	2	1	2	9	9	3	1	9	1	1	11	2	18	2	2	2	2	2	2	1	1	1	2		4	2	4	3	2	1	2	3	2	3	8	49		2	2	1	3	2	6	0.460296464
2544	2	2	2	3	1	2	3	2	1	3	2	2	9	1	1	2			2	1	2	2	2	1	1	1	1	2		4	2	9	1	1	2	2	2		2	5	26		1	2	1	1	2	6	1.177151612
2546	2	1	2	29	3	1	2	2	2	2	2	2	1	2	2				2	2	2	9	2	2	2	1	1	1		5	4	1	3	2	3	1	3	2	3	5	26		1	1	4	3	1	6	1.989439527
2548	2	1	1	20	2	2	1	1	2	2	1	3	1	1	2				2	2	2	2	2	2	2	1	1	1		2	4	3	2	2	1	1	1		5	7	82		2	2	1	3	1	6	0.484889142795
2554	1	1	1	9	2	2	1	1	1	2	1	1	1	1	1	3			2	2	2	2	2	2	1	1	1	1		1	4	1	3	3	3	1	1		5	8	54		1	2	1	4	2	18	0.523030661595
2556	2	2	2	10	1	4	2	2	2	1	2	2	3	3	1	8			2	1	1	1	1	1	1	1	1	2		4	1	2	2	1	2	2	2		3	5	52		1	1	1	1	1	48	1.655519144
2557	1	9	1	28	1	1	1	3	1	1	1	1	1	1	1	98			2	1	1	2	1	1	1	1	1	2		5	5	1	3	1	1	2	2		5	8	50		2	2	2	1	2	29	0.701014734
2558	2	1	1	20	1	2	1	2	1	2	2	2	3	1	1	2	10	9	2	1	9	2	2	1	1	1	1	8	1	2	3	9	3	1	3	1	2		3	7	54		2	2	1	1	2	17	0.520428519
2579	1	9	2	9	1	3	2	3	1	1	2	9	3	3	3				2	2	2	2	2	1	1	1	1	2		4	1	5	1	2	3	2	2		3	3	79		2	2	2	2	1	24	1.403220429
2583	1	1	1	20	1	2	1	1	1	1	3	1	1	1	2				2	2	2	2	2	2	1	1	1	1		2	5	1	3	2	1	1	3	1	3	3	55		2	2	1	3	2	34	1.154740286
2584	2	1	1	29	2	9	1	1	1	9	3	1	1	9	2				2	2	2	2	2	2	1	1	4	1		2	5	2	3	1	1	1	9	3	9	3	35		2	2	1	1	1	26	1.640643418
2586	1	2	2	20	1	2	2	2	1	1	9	2	3	1	1	8			2	1	2	2	2	1	1	1	1	2		4	1	1	1	1	2	2	2		1	5	72		1	2	2	3	1	13	0.950665991
2588	2	2	2	3	1	3	1	2	1	2	2	1	3	1	1	1	18		1	2	9	1	1	2	1	1	1	2		4	2	1	3	2	1	2	2		2	5	23		2	2	1	3	2	26	1.33093195
2589	2	2	2	13	1	3	2	2	2	1	2	2	3	1	1	6			2	2	1	1	2	2	1	1	1	2		4	2	3	1	2	3	2	2		1	8	41		1	2	1	4	1	48	0.427829453
2592	1	2	2	10	2	4	3	2	2	2	1	1	1	1	1	1			2	2	2	2	2	2	1	1	1	2		4	5	2	3	2	3	2	2		1	8	66		1	9	9	9	1	13	0.611591838
2600	1	1	1	13	3	1	1	1	1	2	2	1	1	1	1	2	8		2	1	2	2	2	2	1	1	1	1		1	4	1	3	2	1	1	1		4	7	54		2	1	1	4	2	34	0.889089578235003
2601	1	2	1	20	1	3	1	1	1	1	1	1	3	3	1	8	18	14	1	1	2	2	2	1	1	1	1	2		4	1	1	3	1	1	2	2		2	3	56		2	2	2	1	2	12	1.62674881
2602	1	2	2	30	1	3	1	1	1	1	2	1	1	1	1	8			2	2	2	2	1	1	2	1	1	2		4	1	1	3	2	3	2	2		3	3	56		2	2	2	3	2	36	1.55542966
2605	1	1	3	13	2	2	1	1	1	2	2	1	1	1	2				2	2	2	2	1	1	1	1	1	1		2	3	3	1	2	1	1	3	1	3	8	50		1	1	1	9	2	34	0.884666247
2608	1	2	2	29	1	1	1	2	1	1	1	1	3	1	2				2	1	2	2	1	1	2	1	1	2		4	1	1	2	1	3	2	4	3	5	8	99	2	2	2	3	9	2	29	1.024483481
2610	2	2	2	20	2	2	1	2	1	1	3	3	3	1	1	14			2	2	2	2	2	1	1	1	1	2		4	3	2	3	2	2	1	3	2	2	7	66		2	2	2	3	2	37	0.772958285
2615	1	2	1	20	1	2	3	2	1	1	2	2	3	1	1	2	8		1	1	2	1	1	1	1	1	1	2		4	2	2	2	2	3	2	3	2	3	5	55		1	2	1	4	1	6	0.657768053
2616	2	9	9	20	3	2	9	9	1	1	9	9	9	1	3				2	2	2	2	2	2	2	1	1	6	3	5	5	9	3	2	3	9	2		9	8	40		2	2	2	9	2	48	0.638794569
2619	1	1	1	30	2	2	1	1	1	1	1	1	1	1	2				1	2	2	2	2	1	1	1	1	1		1	2	2	3	2	3	1	1		3	5	99	2	2	2	1	3	2	23	0.980309951939999
2620	2	2	2	5	2	2	2	2	9	3	9	3	3	3	1	14	1		2	1	9	2	2	2	1	1	1	9	9	4	3	5	9	1	2	2	4	2	9	6	58		2	2	1	2	2	25	0.748025245
2622	1	2	2	20	1	4	3	2	1	2	1	2	3	1	1	2			1	1	2	2	2	2	1	1	1	6	2	4	4	4	2	2	2	2	3	2	5	8	60		2	2	1	4	1	17	0.545506396
2627	1	2	2	20	1	3	3	2	1	1	3	2	3	1	2				2	2	2	2	2	2	1	1	2	2		4	1	1	1	2	3	2	2		2	7	77		2	1	4	3	2	6	1.001898424
2629	1	1	1	20	2	1	1	2	2	2	1	2	3	3	1	2			2	1	2	2	2	2	2	1	1	1		2	4	2	3	1	1	1	3	1	3	8	75		2	2	1	3	1	41	0.482476759
2631	1	1	1	20	2	1	1	1	1	2	1	1	1	1	3				2	2	2	2	2	1	1	1	1	1		1	4	1	1	2	3	1	1		5	8	81		2	2	1	3	2	6	0.53748572835
2632	1	1	1	20	2	2	1	1	1	1	1	1	1	1	1	14			2	1	2	2	2	1	1	1	1	1		1	3	1	3	1	3	2	1		4	5	68		2	2	1	3	2	6	0.732762634245
2635	2	1	1	5	4	1	1	1	1	2	2	3	1	1	1	5			2	1	2	2	2	2	2	1	1	1		1	5	1	1	2	1	1	1		5	5	33		1	2	1	9	2	32	1.218866053215
2645	1	2	2	1	2	2	3	3	3	3	3	3	1	1	2				1	1	1	1	2	1	1	2				3	2	2	3	1	1	2	3	3	3	3	66		2	1	2	1	2	42	2.163252108
2646	1	2	2	1	1	2	1	2	1	1	2	1	1	1	1	98			2	2	2	1	2	1	2	1	2	2		4	1	1	3	1	1	2	2		4	3	80		2	2	2	9	2	42	1.55542966
2651	1	1	1	20	3	2	1	1	1	1	1	1	1	1	1	8			2	2	2	1	2	2	1	1	1	1		2	4	9	3	2	1	1	1		4	5	91		2	2	1	9	1	6	0.661056893265
2655	1	2	2	20	1	4	2	2	2	1	2	2	3	3	1	9	8		1	2	2	2	1	1	1	1	1	2		4	1	4	3	2	3	2	2		1	3	70		2	2	1	4	1	51	1.089506842
2657	2	2	2	20	2	2	1	2	1	1	2	2	1	1	2				2	1	2	2	2	1	1	1	1	2		3	2	2	2	2	3	2	2		3	8	40		2	2	2	3	1	1	0.600161791
2662	1	2	2	20	1	4	3	2	1	1	3	2	3	3	1	98			2	2	2	2	2	1	2	1	2	2		4	1	2	3	1	3	2	2		3	3	74		2	2	2	2	2	51	1.62674881
2667	2	2	2	13	1	3	1	2	1	1	3	3	1	1	2				1	2	2	2	2	1	1	1	2	2		4	2	3	3	2	2	2	1		3	7	53		2	2	1	4	2	24	0.47459450067
2670	2	2	2	2	2	4	1	2	1	2	2	2	3	1	1	1			2	1	2	2	1	2	1	1	1	6	3	4	4	4	2	1	3	2	3	3	3	8	55		1	2	1	4	1	55	0.545506396
2684	1	2	1	20	1	2	2	2	2	2	2	2	1	1	2				2	2	2	2	1	2	1	1	2	2		3	3	3	3	2	3	2	3	1	3	7	53		2	2	9	4	1	11	0.503301614
2686	1	2	2	20	1	2	2	2	1	3	1	3	3	1	1	6	10		2	9	2	2	2	1	1	1	1	2		4	2	2	1	2	1	9	2		2	7	54		1	2	1	4	2	24	0.472233334
2689	2	2	2	1	2	3	2	2	2	2	9	2	3	1	1	4	14		1	1	2	2	2	1	1	2				4	3	4	3	1	2	2	3	2	1	3	20		2	2	1	4	1	4	1.859031019
2690	2	2	2	20	1	4	3	2	2	1	3	3	3	1	1	8	9		1	2	2	2	2	1	1	1	1	2		4	1	1	3	2	3	2	2		2	8	53		2	2	2	4	2	47	0.665262157
2718	1	2	2	15	4	1	3	2	1	3	3	1	1	1	1	4	6		2	2	2	2	2	2	1	1	1	2		4	1	1	2	2	3	1	2		3	5	42		1	2	1	4	1	27	0.969789148
2721	1	1	1	20	3	2	1	1	1	2	2	1	3	1	1	6			1	2	2	2	1	1	2	1	1	1		2	2	2	3	2	3	1	4	3	3	6	21		2	2	1	3	1	5	1.139454656
2758	1	2	2	20	1	3	2	2	2	2	2	2	3	3	1	8	18	14	2	2	2	2	2	1	1	1	1	2		4	2	3	2	2	2	2	4	2	1	8	20		1	9	9	3	1	45	0.777081395
2780	2	2	2	20	2	4	1	2	1	2	3	3	3	1	2				2	1	2	2	2	1	2	1	1	2		4	2	4	1	2	3	2	2		1	7	30		1	2	1	3	2	37	0.729112977
2795	2	2	1	3	4	1	1	2	2	2	2	2	3	1	2				2	1	2	1	1	1	1	1	1	8	2	3	3	4	2	1	3	2	3	3	3	3	29		1	2	1	3	1	29	2.040105221
2823	1	2	1	20	2	2	9	1	1	2	3	3	3	3	1	4	98		2	1	2	2	2	1	1	1	3	2		2	1	1	2	2	3	2	2		9	9	32		9	9	9	9	1	37	0.966179839
2834	2	2	2	20	2	2	1	2	1	2	2	2	1	1	2				2	1	2	2	2	1	1	1	1	2		3	5	3	3	2	3	1	3	2	2	6	30		2	2	1	2	2	12	1.263052854
2865	2	2	2	1	2	4	9	2	1	1	1	1	3	1	1	2			2	1	2	2	2	1	1	1	1	2		4	1	1	3	1	3	9	2		9	7	20		2	2	1	3	2	37	0.729112977
2883	1	9	1	1	2	1	1	1	2	2	1	1	1	1	2				2	2	2	2	2	1	1	1	2	1		2	5	2	3	1	3	1	3	1	3	5	46		2	2	1	1	2	1	1.020158075
2908	1	1	2	20	2	3	1	1	1	2	1	1	3	1	1	6			2	2	1	2	1	1	1	1	1	6	1	2	4	4	3	2	3	1	4	1	3	5	30		1	2	1	2	2	53	1.177151612
2920	1	2	2	1	3	2	9	2	1	3	2	1	1	1	2				2	1	2	2	1	2	2	2				5	4	2	3	1	3	2	2		2	2	18		2	2	1	2	2	48	2.060682645
2931	1	1	1	28	1	2	1	1	3	2	2	3	1	1	1	98			2	1	2	2	2	1	1	1	1	1		2	4	1	3	2	3	2	3	1	4	5	45		1	2	1	3	1	5	0.920328761
2932	2	1	2	9	4	4	2	1	1	1	2	2	3	3	1	8			2	1	2	1	1	1	2	1	1	1		1	4	2	3	2	1	2	3	1	3	3	45		2	2	1	4	2	39	1.818606244
2936	1	2	2	20	1	4	2	2	1	1	2	2	3	1	2				1	2	2	2	1	1	1	1	2	8	2	4	3	4	2	2	3	2	1		3	8	44		1	2	1	4	2	27	0.523030661595
2965	2	2	2	1	3	1	2	2	9	9	1	2	2	9	3				2	2	2	2	2	2	2	1	1	2		4	5	2	3	9	1	2	3	3	1	4	45		2	2	1	1	2	51	1.725855186
2980	1	1	1	1	1	2	3	1	1	2	1	3	3	1	1	2	18		2	1	9	1	1	2	1	1	1	1		1	5	1	1	2	3	2	3	1	3	6	54		2	2	1	4	2	12	1.020158075
2981	1	2	2	20	1	4	1	1	2	1	1	2	1	3	1	6	4		2	1	2	2	1	1	2	1	1	2		4	5	2	3	3	2	2	2		5	3	51		1	2	5	1	2	48	3.262245341
2982	1	1	1	20	4	2	1	1	1	3	3	1	1	1	1	6	2		1	2	2	2	2	1	1	1	1	1		1	4	2	3	3	1	1	1		5	6	40		1	2	1	4	1	36	0.884380044720001
3009	2	1	1	20	2	1	1	1	2	2	1	2	1	3	2				2	2	2	2	2	1	1	1	1	1		1	4	1	3	2	1	1	1		4	6	37		1	1	1	3	2	6	1.79005851676501
3027	2	1	2	9	3	2	1	1	1	3	3	1	1	1	1	18			1	2	2	2	1	1	1	1	1	1		2	5	2	2	2	1	1	2		3	7	50		2	2	1	3	2	39	0.520428519
3036	2	1	1	20	3	3	1	1	1	2	2	3	1	1	1	6			2	2	2	2	2	1	1	1	1	1		1	3	1	3	2	3	1	1		3	5	30		1	2	1	2	2	30	1.218866053215
3044	2	2	2	20	1	3	1	2	1	1	2	3	3	9	1	8			2	2	1	1	9	2	1	1	1	2		4	1	2	3	2	2	2	3	2	3	7	47		2	2	1	3	2	51	0.493886052
3072	1	1	1	13	4	1	1	1	1	2	2	2	2	2	1	8	18		2	1	2	2	2	1	2	1	1	1		1	4	1	1	3	1	1	3	3	4	8	55		2	2	1	9	2	29	0.604678218
3073	1	1	2	20	3	2	1	1	1	1	1	1	1	1	2				2	2	2	1	2	2	1	1	1	2		2	2	2	3	2	3	1	1		3	7	62		1	2	1	3	1	4	0.499574172645
3075	2	2	2	13	3	2	1	1	2	2	2	1	1	2	1	6	3		2	2	2	2	2	2	1	1	1	2		4	3	3	3	2	1	1	1		4	7	37		1	2	1	3	1	6	0.41732963283
3078	1	1	1	20	2	2	1	1	1	3	3	1	1	1	1	2			2	1	2	2	2	1	1	1	1	1		2	3	2	1	2	1	1	4	1	4	6	99	2	1	2	1	3	1	48	0.883713296
3081	2	1	1	20	3	1	1	1	1	2	2	1	1	1	2				2	2	2	2	2	2	1	1	1	1		1	2	1	3	3	3	1	1		3	8	33		1	2	1	4	2	10	0.700633289760002
3082	1	2	2	20	2	2	2	2	1	2	2	1	1	1	1	2			1	1	2	2	2	1	2	1	1	2		4	2	3	3	2	3	1	3	2	2	8	52		1	2	1	4	1	34	0.426022133
3085	2	1	3	20	3	2	1	1	9	3	2	1	1	9	1	2			2	1	2	2	2	1	1	1	1	1		1	2	2	1	2	1	1	1		3	6	31		1	2	1	3	1	47	1.14515192928
3090	2	2	2	1	1	9	3	2	1	3	3	3	3	3	1	2			2	1	2	2	2	2	1	1	1	2		4	5	9	1	1	3	2	3	2	3	7	29		1	1	9	2	1	6	1.148428722
3093	1	1	3	20	1	2	3	3	3	2	1	2	1	2	1	14			2	2	2	2	2	2	2	1	1	1		2	3	5	3	2	3	2	3	3	3	5	49		2	2	9	1	1	21	1.087274379
3094	2	2	2	2	1	2	1	2	1	1	2	1	3	1	1	4			1	1	2	2	2	1	1	1	1	2		4	2	3	3	1	3	2	3	2	2	7	36		1	2	1	2	1	53	0.415253366
3095	2	2	2	20	1	4	2	2	1	1	3	2	3	3	1	4			2	2	2	1	2	2	1	1	1	2		4	2	2	2	2	2	2	2		1	8	44		1	2	1	4	2	27	0.520428519
3096	1	1	1	20	1	1	1	1	1	1	2	1	3	3	1	9			2	2	2	2	2	2	1	1	1	1		1	4	2	3	2	1	1	1		3	3	50		2	2	1	1	2	5	1.73448446193001
3098	2	2	2	20	1	3	9	2	1	3	2	9	3	1	1	10	2		2	1	1	2	1	1	1	1	1	2		4	2	3	3	2	3	2	2		3	6	21		2	2	5	4	2	36	2.377361777
3101	1	1	1	3	3	1	1	1	1	2	2	2	3	2	3				2	2	2	2	2	2	2	1	2	1		2	3	1	3	1	3	1	3	1	4	5	55		2	2	1	1	1	17	0.743697335
3103	1	2	2	2	4	2	1	2	1	2	2	2	1	1	1	4			2	2	2	2	2	2	1	1	1	2		3	5	2	3	2	2	2	1		4	5	58		2	2	1	4	2	39	0.828489033990003
3105	2	2	2	1	2	4	1	2	1	3	1	2	3	1	1	2			1	1	2	2	2	2	2	1	1	2		4	2	9	3	1	3	2	2		3	8	46		2	2	1	4	1	6	0.415253366
3111	1	2	2	20	2	2	2	2	1	1	1	2	3	1	1	4			2	1	2	2	2	1	1	1	1	2		4	1	2	1	2	3	2	2		3	3	29		2	2	1	1	1	36	1.851177741
3117	1	2	2	13	1	3	3	2	2	1	2	3	3	3	2				2	1	2	2	2	1	2	1	1	2		4	5	2	1	1	3	2	2		3	5	51		2	2	2	3	1	12	1.239678453
3124	2	2	2	12	2	3	1	1	1	2	2	1	1	1	1	10			1	2	2	2	2	1	1	1	1	2		3	5	3	2	1	2	2	3	2	3	8	37		1	2	1	2	2	31	0.520428519
3125	2	2	2	1	2	2	1	1	9	2	2	1	3	3	1	5			2	1	2	2	2	1	1	2				4	4	2	3	1	3	2	3	2	2	3	18		2	2	1	3	2	37	2.146064243
3126	2	2	2	20	2	2	1	2	1	2	2	2	1	3	1	5			2	2	2	2	1	1	1	1	1	1		3	5	3	3	2	3	2	3	2	2	6	21		2	2	1	1	1	21	1.139454656
3128	1	1	9	20	2	3	1	1	1	1	1	9	1	9	1	98			1	1	2	2	1	1	1	1	2	1		3	3	9	3	3	1	1	3	9	3	2	18		2	1	4	8	1	6	3.380274243
3131	2	2	2	20	1	4	2	2	2	2	2	2	3	3	1	98			2	2	2	2	2	2	2	2				5	5	2	3	2	3	1	3	1	4	8	35		2	2	1	3	1	29	0.469501096
3133	1	1	1	30	3	2	1	1	1	2	1	2	1	1	2				2	2	2	2	2	2	2	1	1	1		1	4	1	3	2	3	1	9	3	9	3	53		2	2	1	3	2	55	1.818606244
3134	2	2	2	20	4	4	1	2	1	2	2	2	2	2	1	2			2	1	1	2	2	2	2	1	1	2		4	2	2	3	1	2	1	4	1	3	7	25		2	2	1	3	2	30	0.700105071
3136	2	2	2	20	1	3	2	2	1	2	1	2	3	1	2				1	2	9	2	1	2	2	2				4	5	3	3	2	3	9	2		3	5	63		2	2	2	3	2	13	1.053786026
3138	1	2	2	20	1	4	2	2	1	1	2	1	3	1	1	8			2	2	2	2	2	1	2	1	1	2		4	1	2	1	2	2	2	2		1	3	64		2	1	1	9	2	32	2.172429303
3140	1	1	1	20	4	1	1	1	1	1	1	1	1	1	3				2	2	2	2	2	2	2	9				1	4	1	3	2	1	9	3	1	3	6	58		2	2	1	1	2	45	0.782323501
3141	2	2	2	20	2	3	1	2	2	1	2	2	3	3	1	2			2	1	2	2	2	1	1	1	1	2		4	1	1	1	2	3	2	3	2	3	8	51		1	2	2	4	1	51	0.600161791
3144	1	2	2	2	2	2	2	2	1	1	1	1	3	1	2				2	2	2	2	1	1	2	1	1	2		4	1	1	1	2	3	2	2		2	6	46		2	2	1	9	2	5	1.020158075
3145	2	2	2	30	3	2	1	2	1	9	1	9	3	1	3				2	2	2	2	2	2	2	2				4	1	1	3	1	2	9	3	3	1	3	48		2	9	9	1	2	36	1.949532101
3150	2	2	2	20	2	4	2	2	1	1	2	1	1	1	2				2	2	2	2	2	1	1	1	1	2		4	1	2	1	2	3	2	2		3	5	42		2	2	1	4	1	37	0.920328761
3151	2	2	2	1	1	4	1	2	2	2	3	2	1	3	1	2			2	1	2	2	1	1	1	1	1	2		4	2	2	3	1	3	2	3	2	3	6	30		1	2	1	3	1	12	1.139454656
3152	2	2	2	20	1	3	2	2	1	2	2	2	3	3	1	18			1	1	2	2	2	1	1	1	1	2		4	3	3	3	2	2	2	2		3	7	37		1	2	5	3	2	29	1.024483481
3154	2	2	2	20	1	4	1	2	1	1	2	2	3	3	1	10			2	2	2	2	2	1	1	1	1	2		4	2	4	2	2	1	2	2		1	8	34		1	2	1	4	2	29	0.76829703
3155	2	2	2	20	1	3	1	2	2	1	2	2	3	3	1	2	9		1	2	2	2	1	1	1	2				4	2	3	1	2	2	2	2		1	7	26		2	2	1	3	2	19	0.76829703
3156	2	2	2	20	2	2	1	2	1	1	1	1	3	1	1	2			2	1	2	2	2	1	1	1	1	2		4	1	3	1	1	3	2	2		3	7	44		1	2	2	4	1	34	0.573849782
3157	2	2	2	13	2	3	1	2	1	1	1	1	1	1	1	1	6		1	2	2	2	2	1	2	1	1	2		4	2	3	1	2	3	2	2		2	7	46		1	2	1	4	1	48	0.427829453
3165	1	2	2	20	1	3	1	2	1	1	1	9	3	1	1	6			1	2	2	2	2	2	1	1	1	2		4	2	3	2	2	3	2	3	2	3	8	53		2	2	1	4	2	20	0.520428519
3166	2	2	2	20	1	3	1	2	1	2	2	2	3	3	1	1	2	14	1	1	2	2	1	1	1	1	1	1		2	2	2	3	1	1	1	3	1	3	7	43		1	1	1	3	2	48	0.888419279
3167	2	2	2	20	1	3	3	2	1	3	3	2	3	3	1	2	14		1	1	2	2	2	1	1	1	1	6	2	4	3	9	1	1	2	2	4	2	1	3	26		2	2	1	1	2	1	2.146064243
3168	1	1	1	30	2	1	1	1	1	1	1	1	1	1	2				1	2	2	2	2	2	1	1	1	1		2	3	1	3	3	3	1	1		5	7	40		2	1	9	3	2	6	0.866615631555002
3170	1	1	1	28	4	1	1	1	2	2	2	1	1	2	1	3	2		2	2	2	2	2	2	2	1	1	1		1	4	1	3	2	1	1	3	1	3	3	38		1	2	1	3	1	42	1.488708791
3174	1	1	3	20	3	2	9	1	1	2	1	1	1	1	2				2	2	2	2	2	2	1	1	1	1		1	4	2	3	2	1	1	1		4	3	51		2	2	1	2	2	8	1.66547764845
3176	2	2	2	20	1	2	1	2	1	2	2	1	3	3	2				1	2	2	2	2	1	1	2				4	3	3	3	2	3	2	3	2	4	7	34		1	2	1	3	1	54	0.657764379
3177	2	2	2	13	1	2	1	2	1	1	1	2	1	1	1	5			2	1	1	2	2	2	1	2				4	2	2	3	1	2	1	2		1	8	37		1	2	1	3	2	24	0.472233334
3179	2	2	2	20	2	1	1	2	1	1	2	1	3	1	2				2	2	2	2	2	1	2	1	1	2		4	2	4	1	2	3	2	3	1	3	8	28		2	2	1	2	2	26	0.76829703
3180	2	1	1	1	2	1	1	1	1	1	2	1	1	1	1	8			2	2	2	2	2	1	1	1	2	1		2	3	1	3	2	3	1	1		4	6	29		1	2	1	2	1	36	1.094946721125
3183	1	1	1	20	3	2	1	1	1	2	1	1	1	2	1	8	2		2	2	1	2	2	2	1	2				1	4	1	3	1	3	1	4	1	5	1	46		1	2	1	2	1	36	1.488708791
3184	2	1	1	20	3	2	1	1	1	2	1	9	9	2	3				1	2	2	2	2	1	2	1	1	1		1	4	2	3	2	1	1	1		5	3	27		1	2	1	2	2	12	2.15679456421501
3188	1	1	1	28	3	2	1	1	3	2	1	3	1	1	1	1			1	2	2	2	2	1	2	1	1	1		1	4	2	3	2	1	1	1		5	7	54		2	2	1	4	2	8	0.47660787948
3191	1	2	2	20	1	2	1	2	1	2	2	2	3	3	1	1			1	2	2	2	1	2	2	1	1	2		4	2	3	1	2	2	2	9	2	3	7	51		2	2	2	9	1	6	0.559344304
3196	2	1	1	20	3	2	1	1	2	2	2	1	1	1	1	2			2	1	2	2	2	2	1	1	1	1		1	4	1	1	1	1	1	1		4	6	49		2	2	1	3	1	26	0.974638093740001
3198	1	2	2	3	2	1	1	2	1	1	1	1	3	2	3				2	1	2	2	2	1	1	1	3	2		4	5	4	2	1	3	2	3	1	4	3	51		2	2	2	4	1	6	1.95459512
3200	1	2	2	20	1	4	1	2	1	1	1	3	3	1	9				2	2	2	2	2	2	2	1	1	2		4	1	9	1	2	3	9	1		4	8	53		2	2	1	3	1	29	0.47184860148
3201	2	1	1	20	3	2	3	1	3	2	1	1	1	1	2				1	2	2	2	2	1	1	1	1	1		1	3	1	1	2	1	1	1		5	7	53		2	2	1	4	1	55	0.47184860148
3206	2	2	2	5	2	3	1	2	1	2	1	2	1	1	1	5			2	2	2	2	2	2	1	1	1	2		4	2	3	3	2	3	2	4	2	3	5	31		1	2	1	2	1	49	1.094121223
3208	2	2	2	20	1	3	1	1	1	1	2	1	3	3	1	9	6	4	2	2	1	1	1	1	1	1	1	2		3	2	1	3	2	3	1	2		3	8	37		1	2	1	4	2	42	0.472233334
3210	2	2	2	20	1	4	2	2	2	2	1	2	3	3	1	1			1	2	2	2	1	1	1	1	1	2		4	3	4	2	2	2	2	4	2	1	5	35		2	2	1	3	1	1	0.920328761
3211	2	2	1	1	2	2	9	2	1	2	2	2	3	1	3				2	2	2	2	2	1	1	1	1	2		4	2	3	3	2	3	2	2		1	5	47		2	2	1	2	2	17	1.074983498
3212	2	2	2	20	1	4	2	2	1	1	2	2	3	1	2				2	2	2	2	2	2	1	1	1	2		4	1	3	1	2	2	2	2		3	8	51		1	2	2	4	2	24	0.63609605
3214	2	2	2	20	3	3	2	2	1	2	2	2	3	3	1	5	2		2	1	2	2	1	1	1	1	1	6	2	4	3	4	3	1	2	2	2		1	5	22		2	1	1	3	2	55	2.49332372
3215	2	1	2	20	2	2	1	1	1	1	1	1	1	1	2				2	2	2	2	2	2	1	1	1	1		2	2	2	3	3	3	1	1		3	6	34		1	2	1	4	2	28	1.26936811827
3216	2	1	2	20	2	3	1	1	1	1	2	1	1	1	1	8			1	2	2	2	1	2	1	1	2	1		2	5	3	2	2	1	1	3	1	4	8	42		1	1	9	4	1	48	0.80148149
3218	1	1	1	12	3	2	1	1	1	2	1	1	1	1	3				2	2	2	2	2	2	2	1	1	1		1	4	1	1	2	3	1	1		3	7	52		1	2	1	4	2	12	0.49635548226
3220	2	2	2	20	1	4	1	2	3	3	2	3	3	3	3				1	2	1	2	2	2	1	1	1	2		3	2	3	3	2	3	2	3	2	3	3	38		1	2	1	4	1	41	1.45107798
3225	1	1	1	13	2	1	1	1	1	2	1	1	1	1	1	3			2	2	2	2	1	2	1	1	1	1		1	4	1	3	3	1	1	1		5	9	49		2	2	1	2	2	16	0.874824112769999
3226	1	1	1	20	4	1	1	1	1	2	1	2	1	1	3				2	2	2	2	2	2	2	1	1	1		1	3	1	1	3	1	1	3	1	3	8	53		2	2	1	4	1	19	0.469501096
3229	2	2	2	20	1	2	1	1	1	1	1	9	1	1	2				1	1	2	2	1	2	1	1	1	2		4	2	1	3	2	1	2	2		3	5	33		2	2	2	2	2	5	1.701326173
3231	1	1	1	9	3	2	1	1	1	1	1	1	3	3	2				2	2	2	2	2	1	2	1	1	1		1	5	2	3	2	3	1	1		4	6	52		2	2	1	4	2	41	0.95553018351
3233	1	2	2	13	2	4	2	2	2	2	2	2	3	3	1	2			2	9	2	2	2	1	1	1	1	2		4	4	4	2	1	2	9	3	2	2	8	31		1	2	1	4	1	48	0.631595091
3235	2	1	1	13	3	2	2	1	1	2	1	1	1	2	2				1	2	2	2	2	2	2	1	1	1		1	3	2	1	2	1	1	3	3	3	8	33		2	2	1	3	1	51	0.657764379
3239	2	2	2	1	2	2	2	2	1	1	1	1	1	1	1	5			1	2	2	2	2	1	1	1	1	2		4	2	2	3	2	3	1	2		3	5	23		2	2	1	4	1	42	1.089499225
3249	2	2	2	20	1	3	1	2	2	2	2	2	3	1	1	10			2	2	2	2	1	1	1	1	2	2		4	3	4	2	2	3	2	2		1	7	25		2	2	1	3	2	48	0.700105071
3251	2	2	2	2	2	2	1	1	1	1	1	1	2	1	1				1	1	1	1	1	1	1	1	1	2		4	1	3	3	1	3	2	3	2	3	3	25		2	2	1	2	1	21	1.936057454
3252	2	2	2	20	1	4	1	2	3	3	2	3	3	1	1	10			2	1	2	2	2	1	1	1	1	2		4	2	3	3	2	2	2	3	2	3	5	50		1	2	1	3	1	26	0.969789148
3253	2	1	1	11	2	1	3	1	2	2	3	1	1	3	3				2	2	2	2	2	2	1	1	1	1		1	4	1	1	3	1	1	1		4	8	29		2	2	1	4	1	34	0.632071619925
3255	1	1	2	20	1	2	1	1	1	2	1	1	1	3	1	6			2	2	1	2	2	1	1	1	3	2		4	2	2	2	2	3	1	2		1	5	51		2	2	1	4	2	29	1.074983498
3256	2	2	2	18	1	2	1	2	1	2	2	2	3	1	1	10			1	2	2	2	1	1	1	2				4	4	4	3	3	2	2	4	2	1	7	21		2	2	2	3	1	6	0.825747536
3258	2	1	1	20	3	1	3	3	3	3	2	2	1	2	1	1	5		1	1	2	2	1	2	1	1	2	1		2	3	2	1	2	1	1	1		4	7	51		2	2	1	4	1	55	0.47184860148
3261	2	9	2	20	1	2	1	1	1	1	1	1	1	1	1	1	8		1	2	2	1	2	2	1	1	1	2		3	2	3	1	1	3	1	3	3	3	7	50		1	2	1	4	2	34	0.472233334
3266	1	1	1	13	2	2	1	1	1	2	1	1	1	1	1	2			2	2	2	2	2	1	1	1	1	1		1	3	2	3	2	1	1	1		4	7	30		2	2	1	8	1	26	0.696579579045002
3268	2	1	1	20	4	1	1	2	2	2	2	2	2	2	2				2	2	2	2	2	2	2	1	1	1		1	4	1	1	3	1	2	3	1	5	3	48		1	2	1	4	1	47	1.556968673
3271	2	2	2	20	1	4	3	2	2	1	3	3	3	3	1	2			2	2	2	1	1	2	1	1	1	2		4	4	3	1	2	3	2	2		3	7	43		1	2	1	4	1	48	0.427829453
3273	1	1	1	1	2	1	1	1	1	2	1	1	1	1	2				1	2	2	2	1	2	1	1	1	1		2	4	1	3	2	1	1	1		4	8	50		2	2	1	3	2	21	0.49635548226
3274	2	2	2	20	2	1	2	2	1	2	2	3	3	1	1	1			1	2	2	2	2	2	1	1	1	2		4	2	2	3	2	2	2	2		1	7	33		2	2	1	4	1	6	0.613029294
3275	2	1	1	20	2	2	1	1	2	2	2	1	1	2	3				2	2	2	2	2	1	1	1	1	1		1	4	1	3	2	1	1	1		4	3	26		2	2	1	3	2	42	2.06223739955999
3277	2	2	2	15	2	3	9	2	1	1	1	1	3	1	1	5			1	2	2	2	2	1	1	9				4	1	2	3	2	3	2	2		1	7	44		1	2	1	3	2	20	0.520428519
3278	2	2	9	3	1	2	1	2	1	1	1	9	9	1	1	5	9		1	2	2	2	2	1	1	2				3	5	9	3	1	1	9	4	2	3	7	38		2	2	1	1	1	27	0.469501096
3280	1	2	2	20	1	4	2	2	1	1	1	2	3	1	1	1			2	1	1	1	1	2	1	1	1	2		4	1	3	1	1	2	9	2		2	8	54		2	2	1	4	1	32	0.427829453
3281	1	2	2	3	1	4	1	2	1	1	2	2	3	1	1	18	14		2	2	2	2	2	1	2	1	1	2		4	1	3	3	1	2	2	2		3	5	50		2	2	1	1	1	39	0.969789148
3282	2	2	2	1	2	3	1	2	1	1	2	2	3	3	1	2			2	1	1	1	1	2	1	1	1	2		4	3	4	3	1	2	2	3	2	1	7	31		1	2	2	1	1	42	0.84716165
3284	2	1	1	20	3	1	1	1	1	2	2	1	1	2	3				1	2	2	2	2	2	2	1	4	1		1	5	5	2	3	3	1	3	3	4	7	37		2	2	2	3	1	36	0.573849782
3285	1	1	1	30	4	1	1	1	1	2	1	1	1	1	3				2	2	2	2	2	2	2	1	1	1		1	4	1	1	2	3	1	1		5	6	44		1	2	1	1	2	53	0.95553018351
3288	2	1	2	1	3	2	1	1	1	1	3	1	3	1	2				1	2	2	2	2	2	2	1	1	1		2	3	2	3	2	2	1	1		3	7	55		2	2	9	2	2	5	0.68132169819
3289	2	2	2	20	1	3	1	2	1	1	2	1	3	3	1	6	14	8	1	2	1	1	1	2	1	1	1	2		4	1	2	3	2	2	2	2		1	7	39		1	2	1	4	2	53	0.460296464
3291	2	2	2	20	2	2	2	2	1	2	2	2	3	1	1	10	4		2	2	2	2	2	2	2	2				4	2	3	2	2	3	2	4	2	3	6	39		2	2	3	3	1	36	1.732274631
3292	2	2	2	20	1	4	2	2	3	1	3	1	3	3	1	98			1	2	2	2	2	1	1	2				4	2	2	1	1	2	2	2		3	7	35		2	2	1	3	2	25	0.472233334
3293	2	2	2	9	2	3	1	2	1	1	2	2	3	1	2				1	2	2	2	1	1	1	1	1	2		3	2	3	2	2	2	2	2		2	7	41		2	2	1	4	2	36	0.472233334
3295	2	2	2	1	2	4	2	2	1	1	2	1	3	1	1	4			2	1	2	2	2	1	2	1	1	2		4	2	2	3	2	3	2	2		3	7	42		2	2	1	2	2	26	0.520428519
3296	2	2	2	8	1	1	1	1	1	1	1	1	3	3	1	9	98		1	1	2	2	2	1	1	1	1	8	2	2	2	2	2	2	9	2	2		3	7	36		2	1	9	2	1	34	0.798095717
3297	1	1	1	8	2	1	1	1	1	2	1	3	1	1	2				2	2	2	2	2	2	2	1	1	1		1	4	1	1	2	1	1	1		5	7	49		2	2	1	3	1	1	0.447783766935
3298	2	1	1	20	1	1	1	1	2	2	1	2	1	3	2				1	2	2	1	2	2	1	1	1	1		1	4	2	1	2	1	1	1		5	3	49		2	2	1	2	1	35	1.502499482805
3301	2	2	2	2	3	2	2	2	3	2	3	2	3	3	2				2	2	2	2	2	2	1	1	1	2		4	2	4	2	2	3	2	2		1	7	24		2	2	3	3	1	34	1.238066869
3303	2	1	1	1	1	2	1	1	3	1	1	1	3	3	1	2			2	1	2	2	2	1	1	2				5	5	2	3	1	1	1	1		4	5	39		1	1	4	4	2	34	1.836480111975
3304	2	1	1	20	3	1	1	1	1	2	2	2	1	1	2				2	2	2	2	2	1	2	2				2	4	2	3	3	1	1	4	1	4	3	48		1	2	1	4	1	18	1.640643418
3307	2	1	1	8	3	2	1	1	1	2	1	2	1	2	2				2	2	2	2	2	2	1	1	1	1		3	3	1	1	3	1	1	3	3	3	7	54		2	2	1	3	1	36	0.426022133
3309	1	2	2	20	1	4	2	2	1	1	3	1	3	1	1	2			2	1	2	2	1	1	1	1	1	2		4	2	3	2	1	2	2	2		1	7	35		2	2	5	3	2	6	0.906111226
3311	2	1	1	13	1	1	1	1	1	2	1	2	1	1	1	98			2	2	2	2	1	2	2	1	1	1		1	5	1	1	3	3	1	1		3	7	42		1	2	1	3	1	6	0.41732963283
3312	2	1	1	13	3	1	1	1	2	2	2	1	1	1	2				2	1	2	1	2	2	1	1	1	1		1	3	1	1	3	1	1	3	1	3	6	48		2	2	1	4	2	32	0.979570881
3313	1	1	1	13	9	1	1	1	1	1	1	1	1	1	1	4			2	1	2	2	2	1	2	1	1	2		2	2	2	3	1	3	1	2		4	3	55		2	2	1	1	1	36	1.041741199
3314	2	2	2	1	2	3	1	2	1	2	2	2	3	1	1	2			2	1	2	2	2	1	2	1	1	9	2	4	4	4	3	1	2	1	2		1	8	36		2	2	1	1	2	36	0.472233334
3315	2	1	1	20	2	2	1	1	1	1	1	1	1	1	2				2	2	2	2	2	2	2	1	1	1		1	4	2	1	1	9	1	1		5	6	59		2	2	1	2	1	15	0.661056893265
3316	1	2	2	20	1	2	3	2	1	1	1	3	2	1	1	10			1	2	2	2	2	1	1	1	1	2		4	2	3	1	1	2	2	3	2	3	8	52		1	2	1	3	2	36	0.472233334
3317	1	1	1	20	1	4	2	1	2	2	2	9	1	1	2				2	2	2	2	2	2	2	1	1	1		1	4	1	3	2	3	1	1		5	8	47		2	2	1	4	2	53	0.46259794632
3320	2	2	2	3	2	3	1	2	1	2	2	1	3	1	1	2			2	1	2	2	2	1	2	1	1	2		4	3	3	2	1	3	2	4	3	1	5	34		2	1	1	2	1	42	2.041031671
3321	2	2	2	20	1	3	1	2	1	1	3	1	3	1	1	1			1	2	2	2	1	2	1	1	1	2		4	2	2	3	2	3	2	2		2	7	32		2	2	1	3	2	6	0.679525416
3323	2	2	2	20	1	4	3	2	1	3	2	3	3	1	1	1			1	2	2	2	2	2	1	1	1	2		4	2	2	3	2	2	2	2		1	7	33		2	2	1	4	2	53	0.679525416
3324	2	2	2	6	2	1	1	9	1	1	2	9	3	3	2				2	2	2	2	1	2	2	1	1	2		4	2	4	3	2	3	2	2		3	7	44		2	1	1	3	2	42	0.884666247
3326	2	2	1	20	2	2	2	1	1	2	2	1	3	1	1	2			2	1	1	2	2	1	2	1	1	2		3	5	2	3	1	3	1	2		3	3	27		1	2	1	2	2	36	2.051977512
3328	1	1	1	20	4	2	1	1	2	2	2	2	1	2	2				2	1	2	2	1	2	1	1	1	1		1	3	2	3	1	2	1	3	1	3	6	49		2	2	1	3	1	6	0.85773646
3329	2	2	2	20	1	3	1	2	1	1	1	2	3	1	1	2	9		2	1	2	2	2	2	1	1	1	2		4	2	1	3	1	3	2	3	2	3	8	52		1	1	1	4	1	48	0.80148149
3334	2	2	2	1	4	3	2	2	2	2	3	2	2	2	1	2			2	1	2	2	2	2	2	1	1	6	3	4	4	4	2	1	1	2	1		5	7	56		1	2	1	4	1	36	0.497463775155
3340	2	2	2	20	1	4	1	2	1	2	2	2	3	3	1	98			2	2	2	2	2	2	1	1	2	6	3	4	3	4	3	1	2	2	3	3	3	7	31		2	1	5	2	1	6	1.148428722
3341	2	2	2	20	1	3	1	2	1	1	2	2	3	1	1	8			1	2	2	1	2	2	1	1	1	2		4	2	2	3	2	3	2	2		1	7	31		2	1	1	3	2	37	1.36589604
3343	2	1	1	28	2	2	1	1	1	2	2	2	1	1	1	14			2	1	2	2	2	1	1	1	1	1		2	4	2	3	2	1	1	3	1	5	4	31		1	1	1	4	1	49	3.482646979
3344	2	2	2	20	1	2	1	2	1	1	1	3	3	1	1	2	9	18	2	1	2	2	2	2	2	1	1	2		4	1	1	3	1	3	2	3	2	3	7	44		2	2	1	4	2	53	0.460296464
3345	2	2	2	10	4	1	1	2	2	2	2	1	3	1	2				2	2	2	2	1	2	2	1	1	2		4	1	4	1	1	1	2	1		1	3	38		1	2	1	3	1	48	1.502499482805
3346	2	2	2	28	1	3	2	2	1	1	2	9	9	9	2				2	2	2	2	2	2	2	1	1	8	2	4	2	4	2	2	2	2	2		2	5	46		2	2	1	3	1	36	0.879980144
3348	2	1	1	20	2	1	1	1	3	2	1	2	1	3	1	98			2	2	2	2	2	2	1	1	1	1		1	4	1	1	3	1	1	3	1	4	8	41		2	2	9	2	1	6	0.490579415
3350	2	2	2	20	1	4	2	2	1	1	2	2	3	3	1	8	2		1	2	2	2	2	2	1	2				4	2	2	3	2	3	2	2		2	3	99	1	2	2	1	3	1	36	1.851177741
3353	2	1	2	3	3	4	2	1	1	2	1	2	2	9	2				2	1	2	2	2	1	1	1	4	1		2	4	4	3	1	3	2	4	1	3	6	44		1	2	1	2	1	53	0.85773646
3357	2	2	2	1	1	3	2	2	1	2	2	2	3	1	1	2			2	1	2	2	1	1	2	1	1	2		3	1	1	1	2	3	2	3	3	3	7	54		2	1	5	3	1	8	0.80148149
3358	2	1	1	3	3	2	1	1	2	2	2	2	3	3	3				2	2	2	2	2	2	2	1	1	1		1	2	1	1	1	3	2	1		3	3	47		1	2	1	3	2	40	1.66547764845
3360	2	1	1	28	3	1	1	1	1	1	1	1	1	1	2				2	1	2	2	2	1	1	1	1	1		1	5	1	3	2	1	1	1		4	3	45		1	2	5	3	1	49	2.95772780470501
3362	2	1	1	2	4	2	1	1	2	2	1	2	1	2	3				2	1	1	2	2	2	2	1	1	1		1	4	2	1	3	1	1	1		5	7	30		1	2	1	4	1	6	0.616094440469999
3366	2	1	1	20	1	2	1	1	2	2	2	1	3	3	1	2			2	2	2	2	2	2	2	1	1	1		2	3	2	3	2	1	1	3	1	4	7	45		1	2	1	4	1	28	0.445555987
3367	2	2	2	1	1	2	2	2	2	1	3	1	3	3	1	2			2	1	1	1	1	1	1	2				4	2	2	3	1	3	2	3	2	2	3	35		1	2	9	2	1	1	1.839399376
3369	2	1	2	30	4	1	1	1	1	2	1	2	2	2	3				2	2	2	2	2	2	2	1	1	1		1	2	2	2	2	1	1	3	1	5	5	34		1	2	1	4	1	6	1.061959427
3371	2	2	2	13	2	3	1	2	1	2	2	2	3	1	1	1	6	14	1	2	2	2	2	2	1	1	1	2		4	2	2	3	2	3	2	2		3	7	39		1	1	5	4	1	35	0.80148149
3374	2	1	1	20	3	2	1	1	9	1	1	9	1	1	1	1	6	14	2	2	2	2	2	2	2	1	1	1		2	3	3	3	2	3	1	1		4	8	40		1	2	1	4	1	4	0.429968600265
3383	2	2	2	1	2	2	1	2	1	2	2	1	3	1	1	4			1	2	2	2	2	1	2	1	1	2		3	2	4	3	1	3	2	3	2	3	8	30		2	2	1	3	2	6	0.679525416
3386	2	1	1	17	4	4	2	1	2	2	2	2	2	9	2				2	2	2	2	2	2	2	1	1	1		1	4	1	1	3	1	1	4	1	5	3	52		2	2	1	4	1	6	1.45107798
3390	2	1	2	30	3	1	1	1	1	2	1	1	2	2	2				2	1	2	2	2	2	1	1	1	9	3	1	5	5	3	2	1	1	3	3	3	7	55		2	2	1	2	2	48	0.55100862
3392	2	9	1	1	2	2	1	1	1	2	2	1	1	1	1	2	14	11	2	1	9	1	2	1	2	2				2	2	3	2	3	1	1	3	3	4	6	27		2	1	1	1	1	6	1.989439527
3396	2	9	9	20	3	2	9	9	9	9	9	9	9	3	3				2	2	2	2	2	2	2	1	3	8	9	5	5	9	3	2	9	9	3	3	9	8	40		1	2	9	9	1	6	0.490579415
3397	2	1	1	20	2	2	1	2	1	1	2	1	3	3	1	4	11	8	2	2	2	2	2	1	1	1	1	1		3	2	2	3	2	1	1	1		4	8	52		1	2	1	4	1	48	0.429968600265
3401	2	1	1	20	4	2	1	1	1	2	3	1	1	1	2				2	2	2	2	1	2	2	1	1	1		2	4	2	3	2	3	1	1		4	5	33		1	2	1	3	2	4	1.218866053215
3404	2	9	9	20	2	2	1	1	1	3	3	1	1	1	1	2	9		2	2	2	2	2	1	1	1	1	6	2	4	3	1	3	2	1	2	2		2	6	43		2	1	4	2	2	6	1.781152753
3405	2	1	1	28	3	2	1	1	1	2	1	2	1	1	2				2	2	2	2	2	2	1	1	1	1		1	3	2	3	2	1	1	1		4	8	47		1	2	1	4	1	39	0.47184860148
3406	2	1	2	20	3	2	1	1	1	2	2	1	1	1	3				2	1	2	2	2	1	1	1	1	1		5	3	5	3	2	3	9	4	3	9	6	45		1	2	1	4	1	17	0.969789148
3407	2	1	1	20	2	2	1	1	1	1	1	1	1	1	2				2	2	2	2	2	1	1	1	1	1		1	4	1	3	3	1	1	1		4	7	42		1	2	1	4	1	51	0.447783766935
3415	1	1	1	20	1	1	1	1	1	1	1	1	1	1	3				2	2	2	1	2	1	2	1	1	1		5	5	2	2	2	3	1	1		3	3	78		2	2	1	1	2	20	1.278953712795
3417	1	1	1	20	1	3	1	1	2	1	1	1	3	3	3				2	2	2	2	2	1	2	1	1	1		1	3	2	1	3	3	1	1		5	3	74		2	2	2	9	1	36	1.410236531145
3418	1	1	1	20	2	3	1	1	1	1	1	1	1	1	3				2	2	2	2	2	1	2	1	1	8	1	2	2	9	3	2	3	1	2		3	3	72		2	2	1	1	2	51	1.207687133
3419	1	2	9	20	3	2	1	2	1	1	9	9	1	1	2				2	2	2	1	2	2	2	1	2	2		4	2	2	3	2	3	2	2		2	8	94		2	2	1	3	2	17	0.604678218
3421	1	2	2	14	1	1	1	2	1	1	1	1	3	3	2				2	2	2	2	2	1	2	1	1	2		3	1	9	3	2	2	2	2		4	3	60		2	2	2	1	2	37	1.62674881
3426	1	1	1	20	1	1	1	1	9	2	2	9	1	9	2				2	2	2	1	1	1	1	1	1	1		1	4	1	1	2	1	1	1		5	7	72		2	1	1	2	1	18	1.02704323584
3428	1	2	2	20	1	3	1	2	1	1	2	3	3	1	1	1			2	2	2	2	2	1	2	1	1	8	3	3	2	2	3	2	3	2	2		5	8	59		2	2	1	4	1	32	0.497088729
3436	2	1	1	20	3	2	1	1	2	2	2	1	1	1	2				2	2	2	2	2	2	1	1	1	1		1	4	2	3	2	1	1	1		4	6	46		2	2	1	3	1	51	0.924930404804998
3440	1	2	2	3	1	1	2	2	2	1	1	2	3	3	1	9			1	2	2	2	2	1	1	1	1	2		4	1	1	1	2	2	2	2		3	8	73		2	2	2	4	2	26	0.814498676
3442	2	2	2	20	1	4	1	3	9	2	2	2	3	3	3				2	2	2	2	2	2	1	1	1	2		4	3	4	2	2	3	1	2		1	6	21		1	2	2	4	1	51	1.534839989
3446	1	1	1	29	2	1	1	1	9	1	1	9	3	3	1	14			2	2	2	2	2	1	1	1	1	2		2	2	2	3	1	1	2	2		2	3	64		2	2	2	1	2	13	1.62674881
3449	1	1	2	20	1	2	1	2	1	1	3	1	1	1	1	8			2	2	2	2	1	2	1	1	1	2		4	2	2	1	2	3	2	2		1	5	80		2	2	2	4	1	17	1.001756765
3452	1	2	2	20	1	4	3	2	2	3	2	3	3	3	1	2	98		2	2	2	2	1	1	1	1	1	2		4	3	3	2	2	2	2	1		3	7	41		1	2	1	4	1	41	0.41732963283
3460	1	1	1	10	1	1	3	3	3	3	3	1	1	1	1	6	1		1	2	2	2	1	1	1	1	1	8	1	2	3	2	3	2	1	1	1		3	7	47		1	1	4	4	2	6	0.866615631555002
3463	1	2	2	20	1	1	2	2	1	1	3	3	3	1	1	2			2	1	2	2	2	1	1	1	1	2		4	3	3	2	1	2	2	4	2	9	8	72		2	2	1	2	2	6	0.53481167
3466	2	1	1	20	2	2	1	3	1	2	2	3	1	1	2				2	1	2	2	2	2	2	1	1	1		1	4	1	1	2	1	1	1		4	7	38		1	2	1	1	1	26	0.47184860148
3467	2	1	1	2	2	1	1	1	2	2	2	2	1	3	1	8	98		2	1	2	2	2	1	1	1	1	1		1	3	5	2	2	1	1	1		4	6	47		2	2	1	4	2	9	0.980309951939999
3470	1	2	2	20	1	3	1	2	1	1	3	1	3	1	2				2	1	2	2	2	1	1	1	1	2		4	1	1	1	1	2	1	1		3	7	98		2	2	5	1	2	6	1.058061251325
3473	2	2	3	20	3	4	3	2	1	3	3	3	3	1	1	98	11		1	2	2	2	2	2	1	1	1	2		4	2	3	3	2	3	2	2		3	7	34		2	2	1	2	2	34	0.697147552
3475	1	2	2	20	4	3	2	2	1	9	3	3	3	1	2				2	2	2	2	2	2	1	1	1	2		4	2	2	1	2	2	2	2		1	7	88		2	2	1	3	2	20	0.604678218
3476	1	2	2	20	1	4	2	2	1	3	3	2	3	1	1	18			2	1	2	2	2	1	2	2				4	5	4	2	1	3	2	3	2	5	7	62		2	1	9	9	2	35	1.032241252
3478	2	2	2	20	1	2	2	2	1	1	2	2	3	1	1	2	10		2	1	2	2	2	1	1	1	1	2		4	2	2	2	1	3	1	2		2	8	31		2	2	1	2	2	6	0.679525416
3483	1	2	2	3	2	3	2	2	2	1	2	1	3	1	3				2	2	2	2	2	2	2	1	1	2		4	1	2	1	1	2	2	2		3	3	74		2	2	5	1	2	54	2.377378396
3484	1	2	2	2	1	2	1	2	1	1	2	1	2	1	3				2	2	2	2	2	1	1	1	1	2		3	2	3	3	2	3	2	2		3	7	65		2	2	2	4	2	13	0.772958285
3485	1	1	1	20	3	2	1	1	1	1	1	1	1	1	1	8			2	2	2	2	2	2	1	1	1	1		1	4	1	1	2	3	1	1		5	5	77		2	2	1	3	2	39	0.828489033990003
3488	2	2	2	20	1	3	2	2	1	3	1	3	3	3	1	2	98		2	2	2	2	2	1	1	1	1	2		4	1	3	1	2	2	9	2		2	8	43		2	2	1	8	1	6	0.415253366
3490	1	2	2	1	2	3	2	2	2	1	1	1	3	1	2				2	2	2	2	2	2	2	1	1	2		4	2	2	1	2	3	2	3	2	2	7	65		2	2	1	3	1	31	0.545506396
3491	2	1	1	13	2	1	1	1	1	3	1	1	1	1	1	4			2	1	2	2	2	2	1	1	1	1		2	3	1	1	2	1	1	1		5	3	52		2	2	1	4	1	56	1.502499482805
3492	2	2	2	2	1	4	9	2	2	1	2	2	3	3	1	2	18		2	1	2	2	2	2	1	1	1	2		4	2	3	1	1	2	2	3	2	1	3	39		1	2	1	3	2	48	1.65719169
3493	1	2	2	20	1	3	2	2	1	1	2	9	3	1	1	6			2	2	2	2	1	2	1	1	1	2		4	2	4	2	2	2	2	2		5	6	50		2	2	2	3	2	36	1.313903315
3502	1	9	9	20	3	2	3	1	1	1	1	1	1	1	2				2	2	2	2	2	2	2	1	1	2		3	5	9	3	2	1	1	2		5	3	64		2	2	2	1	2	18	1.714173685
3505	1	2	2	20	2	3	3	2	1	1	2	3	3	3	1	9			2	1	2	2	1	1	1	1	1	2		4	2	3	1	2	3	9	2		3	8	70		2	2	1	3	1	37	0.517684928
3509	1	2	1	30	1	4	1	2	1	1	1	1	1	1	3				2	2	2	2	2	1	1	1	1	2		4	1	1	1	2	3	2	2		4	2	78		2	2	3	9	2	6	2.215690976
3516	2	1	2	20	1	3	1	1	1	1	2	9	3	3	1	6	1	9	2	1	1	2	1	1	1	1	1	1		1	1	3	3	2	1	1	1		3	8	32		1	2	1	2	2	12	0.732758541884999
3529	2	2	2	20	2	3	2	2	1	3	1	3	3	1	1	2	14		1	2	2	2	1	1	1	1	1	2		4	2	3	1	2	3	2	2		2	7	32		1	2	1	4	2	6	0.679525416
3531	1	1	2	30	1	3	1	1	1	3	9	9	1	1	1	8			2	2	2	1	2	2	2	1	1	1		2	4	3	3	2	3	9	1		3	8	98		2	2	1	9	1	40	0.499574172645
3536	1	1	1	9	1	1	1	1	1	2	3	1	1	1	1	2			2	2	2	2	2	1	1	1	1	1		1	4	1	3	2	3	1	1		4	8	85		2	2	1	3	1	6	0.484889142795
3539	1	1	1	20	2	1	1	1	1	2	1	1	1	1	1	8	14		1	1	2	2	1	1	1	1	1	1		1	4	1	1	1	1	1	1		4	6	57		2	2	1	4	2	48	0.754954596014999
3540	1	2	2	14	4	2	1	2	1	1	1	2	3	1	3				2	2	2	2	2	2	2	1	1	2		4	1	4	3	2	3	9	2		3	3	73		2	1	1	3	1	6	1.90223276
3541	2	2	2	20	2	4	1	2	1	1	3	1	3	1	2				9	9	9	2	2	1	1	2				4	1	2	1	2	1	2	3	2	3	8	75		2	2	1	4	2	48	0.55100862
3543	2	9	2	29	4	4	1	2	9	2	9	9	2	2	1	8			2	2	2	2	2	2	2	1	1	1		2	4	5	3	2	2	9	1		3	3	36		1	2	1	2	1	18	1.64884663509
3547	1	9	9	30	1	1	1	1	1	1	3	9	1	1	1	1			2	2	2	1	1	2	1	1	1	9	9	5	5	9	9	9	9	9	9	9	9	9	99	9	9	9	9	9	2	6	0.998144288
3550	1	2	2	1	1	3	1	2	1	1	1	1	3	1	2				2	2	2	2	2	2	1	1	1	2		4	1	9	3	3	1	2	2		4	6	68		2	2	2	1	2	22	1.053786026
3552	1	2	2	9	1	4	3	2	1	1	3	3	3	1	1	10			2	2	2	2	1	1	1	1	1	2		4	1	1	1	1	3	2	3	2	1	3	71		2	2	1	2	2	24	1.154740286
3553	2	2	2	20	2	2	3	2	1	2	2	2	1	1	2				2	1	2	1	1	1	1	1	1	2		3	3	4	2	2	3	2	2		2	6	24		2	2	1	2	1	8	1.094121223
3558	1	2	2	20	1	2	2	2	2	1	1	2	2	2	1	4			1	2	1	2	2	2	1	1	1	2		4	2	3	2	2	3	2	2		3	6	55		2	2	1	2	2	36	0.748025245
3560	1	2	2	20	1	3	1	2	1	1	1	1	1	1	2				2	1	1	1	2	1	1	1	1	2		4	2	3	2	2	3	1	2		3	7	46		2	2	1	9	2	42	0.472233334
3568	1	2	2	20	1	4	2	2	1	1	2	3	3	3	2				2	2	2	2	2	1	1	1	1	2		4	1	4	1	2	2	2	2		2	7	63		2	2	1	4	2	42	0.548680943
3569	2	9	2	13	2	2	1	2	1	2	3	3	3	1	2				2	2	2	2	2	2	1	1	1	8	2	4	3	3	3	2	3	2	2		1	8	36		1	1	9	4	1	37	0.834689791
3571	1	2	2	2	1	4	1	2	1	3	3	1	1	1	1	3			2	2	2	2	2	2	1	1	2	2		3	2	4	3	2	3	2	2		3	7	35		2	1	1	3	2	6	0.862304111
3577	2	1	1	30	4	1	1	1	1	1	1	1	1	1	1	14			2	1	2	2	2	1	1	1	1	2		1	1	1	3	3	3	2	3	2	5	6	27		2	1	4	3	2	26	2.49332372
3581	2	1	1	12	3	1	1	1	1	3	1	1	1	1	2				2	2	2	2	2	1	1	1	1	1		1	5	2	3	2	1	1	3	3	3	6	68		2	2	1	3	1	23	0.674825955
3584	2	1	2	30	4	1	2	1	1	2	2	2	2	2	1	2			2	2	2	2	2	2	2	1	1	1		1	4	1	3	3	3	1	4	1	3	8	45		1	2	1	4	1	18	0.469501096
3585	1	2	2	20	1	2	2	2	1	1	2	1	3	1	2				2	2	2	2	1	2	1	1	1	9	9	4	2	3	3	2	3	2	3	2	3	8	99	3	2	2	3	9	1	48	0.97853821
3601	2	1	1	20	2	3	2	2	1	2	2	2	3	1	1	98			2	2	2	2	2	2	1	2				2	3	3	3	2	3	1	3	1	3	5	21		2	2	1	2	1	1	1.139454656
3602	2	2	2	20	1	3	2	2	1	1	3	2	3	1	1	98			2	2	2	2	2	2	1	1	1	2		4	3	3	2	2	3	2	3	2	1	7	31		2	2	2	2	2	25	0.939054428
3608	2	9	9	3	3	4	2	9	2	2	1	2	3	3	1	3			2	2	1	2	2	2	1	1	4	8	3	5	5	5	2	1	3	9	4	3	4	8	45		1	2	9	4	2	6	0.543793233
3613	2	1	1	20	3	1	1	1	1	2	9	9	9	2	1	6			2	2	2	2	2	1	1	1	1	1		1	4	1	3	3	1	1	3	1	4	5	39		1	2	1	3	2	30	0.979570881
3615	2	9	9	9	1	4	9	3	9	1	3	1	3	1	1	10			2	2	2	1	2	1	1	2				2	3	4	2	9	1	9	1		4	7	53		2	2	1	1	1	55	0.47184860148
3617	2	2	2	20	2	3	2	2	2	2	2	2	3	3	1	2			2	2	2	2	2	2	1	1	1	1		5	3	4	2	1	3	2	1		4	7	25		2	2	1	2	1	34	0.632071619925
3622	1	1	2	1	2	3	2	2	1	1	2	1	1	1	1	4			2	1	2	2	2	1	1	1	1	2		4	2	3	3	2	3	2	3	3	3	7	50		2	9	9	4	1	6	0.490579415
3630	2	1	2	20	1	2	1	1	1	1	1	1	1	1	1	14			2	2	2	2	2	1	1	1	1	2		2	2	2	3	2	3	2	3	3	3	3	48		1	2	1	1	2	21	1.725855186
3631	2	1	2	20	1	3	1	1	1	2	2	2	1	1	3				2	2	2	2	1	2	1	1	1	1		2	3	1	2	2	1	1	3	1	3	7	31		1	2	1	4	2	13	0.729112977
3632	2	2	2	20	1	4	2	2	1	1	3	2	3	3	1	2	98		2	2	1	2	2	1	1	1	1	2		4	2	4	1	1	2	2	2		1	7	38		1	2	1	4	1	37	0.445555987
3634	2	2	2	5	1	3	2	2	1	3	2	2	3	1	2				1	2	1	2	2	2	1	1	1	2		4	2	3	3	1	3	2	2		3	8	32		1	1	4	3	1	6	1.148428722
3639	2	2	2	1	2	3	3	2	2	2	2	2	3	1	1	4			2	1	2	2	1	1	1	1	1	2		4	3	4	2	2	2	2	4	2	3	7	30		2	2	1	3	2	47	0.729112977
3643	1	1	1	20	1	1	1	1	1	1	1	1	1	1	3				1	1	2	2	1	1	1	1	1	1		1	4	1	3	1	1	2	2		1	2	41		1	2	2	1	2	45	2.324718707
3652	2	1	2	20	1	2	1	1	1	2	3	1	3	3	3				2	2	2	2	2	2	1	1	1	1		2	4	5	3	2	1	9	1		5	5	43		2	2	1	3	1	12	0.924930404804998
3655	2	1	3	3	3	1	3	1	1	3	3	3	1	1	1	6			2	1	2	2	2	1	1	1	1	1		2	4	2	1	3	1	1	3	1	3	7	40		1	2	1	3	1	48	0.427829453
3657	2	1	1	20	4	1	1	1	9	2	2	1	1	1	2				2	2	2	2	2	2	1	1	1	1		1	4	1	3	2	1	1	1		5	5	42		2	2	3	4	1	40	1.74832160142001
3663	1	2	2	20	1	4	2	2	1	1	1	1	3	3	1	14	2		2	1	2	1	1	2	1	1	1	2		4	2	2	2	1	2	2	2		2	7	54		2	2	1	3	2	1	0.493886052
3671	2	2	2	2	2	3	2	2	1	1	2	2	3	1	2				1	2	2	2	2	1	1	1	1	7	3	4	4	4	3	2	3	2	3	2	2	8	29		1	1	4	4	1	6	1.148428722
3677	2	1	1	3	4	2	1	1	2	3	2	2	9	2	3				2	2	2	2	2	2	2	1	2	1		1	4	1	3	2	1	9	1		5	8	49		2	1	9	4	1	37	0.838863239954998
3678	2	2	2	20	1	4	2	2	1	9	9	2	3	3	1	2			1	1	2	2	2	1	1	1	1	2		4	3	3	2	1	3	2	3	2	3	8	41		2	2	1	4	2	53	0.460296464
3680	2	2	2	29	2	3	2	2	2	1	3	2	1	3	2				2	1	1	2	2	2	1	1	1	2		4	5	4	2	2	3	2	4	2	4	3	49		1	2	2	3	2	1	2.324718707
3684	2	2	2	20	2	4	1	2	1	1	2	2	3	3	2				1	2	2	2	2	1	1	1	1	2		4	2	3	3	2	3	2	2		1	7	41		1	2	1	3	2	18	0.520428519
3689	1	2	2	20	1	3	2	2	1	1	1	9	3	1	1	8			2	2	2	2	1	9	1	1	1	2		4	1	1	1	2	9	2	2		4	4	34		1	2	3	4	2	53	3.937290585
3692	2	2	2	4	3	2	1	3	1	1	3	2	3	1	1	1	2		1	1	2	2	2	2	1	1	1	2		3	1	2	3	1	2	2	2		3	8	32		1	2	3	4	2	17	1.512422142
3694	2	1	1	20	3	3	1	1	1	3	1	1	1	1	1	2			2	1	2	2	2	2	2	1	1	1		1	3	1	3	2	1	1	1		4	8	42		1	2	1	4	1	4	0.429968600265
3696	2	1	1	20	2	4	2	3	1	2	2	2	3	1	2				1	2	2	2	2	1	1	1	1	2		3	2	4	3	3	3	1	1		3	5	38		2	2	1	4	1	25	0.884380044720001
3699	2	1	1	3	3	2	9	1	1	2	2	2	2	2	1	2			2	2	9	2	2	2	1	1	1	1		1	4	1	3	2	3	1	4	1	5	4	18		2	2	1	4	1	25	1.851177741
3703	2	1	1	13	3	2	1	1	9	3	1	3	1	1	1	1			1	2	2	2	2	2	1	1	1	6	1	2	2	1	3	2	3	1	3	1	4	8	50		2	2	1	4	1	24	0.426022133
3704	2	1	1	20	1	2	1	1	1	2	2	1	1	1	1	8			2	2	2	2	1	1	1	1	1	1		1	3	2	1	2	1	1	1		4	7	50		1	2	1	4	2	5	0.49635548226
3706	2	2	2	20	2	3	1	2	3	1	1	1	3	3	1	2			1	1	2	2	1	1	1	1	1	2		4	2	4	3	1	3	2	3	2	2	7	28		2	2	1	8	1	13	0.657764379
3707	1	2	2	14	3	3	2	2	1	1	2	2	3	1	2				2	2	2	2	2	1	2	1	1	2		4	1	2	3	2	3	2	2		2	8	50		2	2	1	4	2	12	0.493886052
3709	1	2	2	30	3	4	3	2	3	9	3	3	9	9	1	2			2	1	2	2	2	1	1	1	1	6	2	4	2	5	2	2	2	1	2		1	7	40		2	2	1	1	2	33	0.472233334
3710	1	2	2	20	1	4	2	2	1	3	2	2	3	3	1	3			1	2	2	2	2	2	1	1	1	2		4	2	2	1	2	3	2	2		3	8	53		1	2	9	4	2	50	0.557895425
3715	2	2	2	2	2	2	1	2	1	3	3	2	3	1	1	11	9		2	1	2	2	2	1	1	1	1	2		3	3	3	3	1	3	2	3	2	3	3	30		2	1	9	3	2	6	3.746937194
3716	1	2	2	13	2	4	9	2	9	9	3	2	1	1	1	6	11	9	2	2	2	2	2	1	1	1	1	8	3	4	3	3	2	2	3	9	4	3	3	8	48		1	2	1	4	2	45	0.493886052
3725	2	1	2	3	2	2	1	2	1	2	1	2	3	1	1	9	4		2	1	2	1	1	1	1	1	1	1		2	3	3	3	2	1	1	4	3	3	7	43		1	2	3	2	2	48	0.933553108
3730	1	1	1	20	4	2	9	1	2	2	2	2	9	2	1	8			2	2	1	2	2	1	2	1	1	1		1	4	4	3	2	1	1	4	1	2	7	38		1	2	1	4	2	37	0.493886052
3734	2	1	1	20	1	1	1	1	1	2	3	1	1	1	1	98			2	2	1	1	1	2	1	1	1	1		1	4	1	1	3	1	1	3	1	4	7	37		1	2	1	4	2	39	0.520428519
3742	2	1	1	20	2	2	2	1	1	2	1	1	1	1	2				2	2	1	2	2	2	1	1	1	1		2	4	1	1	3	3	1	4	1	5	7	36		1	2	1	2	1	26	0.469501096
3746	1	2	2	10	1	3	3	2	1	3	3	2	3	3	1	10			2	2	2	2	2	1	1	1	1	2		4	2	3	2	2	3	2	3	2	3	7	51		1	2	1	4	1	26	0.469501096
3752	1	2	2	20	2	4	3	2	1	1	3	3	3	1	1	5			1	1	2	2	2	1	1	2				4	2	2	3	2	3	2	2		2	5	21		2	2	1	4	2	24	1.20767869
3754	2	1	1	30	4	9	1	1	1	1	9	2	1	1	1	99			2	9	2	2	2	1	1	1	1	8	3	1	1	1	3	2	1	1	2		5	6	99	9	2	2	1	2	2	12	0.906538574
3762	1	2	2	20	1	2	1	3	1	1	1	1	1	1	1	10			2	9	2	2	2	1	1	1	3	2		4	1	2	3	1	3	2	2		3	7	49		2	2	2	1	2	22	0.665262157
3766	1	1	1	9	2	2	2	1	1	1	2	1	1	1	2				2	1	2	2	2	1	1	1	1	1		2	5	2	3	2	3	2	1		4	6	22		2	1	1	1	1	48	2.05993881984
